Date,Open,High,Low,Close,Adj Close,Volume
2010-01-04,31.690001,31.866667,31.063334,31.33,26.137182,10200
2010-01-05,31.323334,31.323334,30.333334,30.469999,25.419724,9000
2010-01-06,29.440001,29.593334,27.766666,29.200001,24.360222,42300
2010-01-07,28.736666,29.673334,28.186666,29.236666,24.39081,17400
2010-01-08,29.166666,29.456667,29.166666,29.456667,24.574347,1200
2010-01-11,28.886667,30.333334,28.726667,29.969999,25.002596,24000
2010-01-12,29.823334,29.956667,29.666666,29.703333,24.780128,1800
2010-01-13,29.746666,30.26,29.67,30.24,25.227844,3600
2010-01-14,29.9,30.540001,29.9,30.540001,25.478123,600
2010-01-15,30.610001,30.876667,30.223333,30.643333,25.564327,8400
2010-01-19,30.09,30.613333,30.09,30.613333,25.539299,3000
2010-01-20,30.879999,30.879999,30.003334,30.233334,25.222284,6000
2010-01-21,30.823334,30.823334,29.416666,29.986666,25.0165,9600
2010-01-22,29.996666,30.053333,29.933332,30.053333,25.072119,3600
2010-01-25,30.033333,30.033333,29.626667,29.966667,24.999817,14100
2010-01-26,29.966667,30.280001,29.633333,29.969999,25.002596,40200
2010-01-27,30.0,30.436666,30.0,30.186666,25.183352,2400
2010-01-28,29.889999,30.290001,29.606667,29.673334,24.755102,2700
2010-01-29,29.683332,30.129999,29.683332,29.696667,24.774567,5400
2010-02-01,29.940001,30.683332,29.940001,30.496666,25.441971,4800
2010-02-02,30.59,30.59,30.0,30.0,25.027624,3600
2010-02-03,29.926666,29.926666,29.183332,29.526667,24.632744,12300
2010-02-04,28.92,29.833334,28.883333,29.526667,24.632744,8700
2010-02-05,29.526667,29.526667,29.526667,29.526667,24.632744,0
2010-02-08,28.573334,29.333334,28.573334,29.136667,24.307384,4500
2010-02-09,29.563334,29.563334,28.436666,29.276667,24.424181,4800
2010-02-10,29.379999,29.663334,29.176666,29.663334,24.746759,7500
2010-02-11,29.166666,29.593334,29.086666,29.593334,24.688362,9900
2010-02-12,29.303333,29.486666,28.863333,29.073334,24.254549,20700
2010-02-16,29.413334,29.916666,29.396667,29.916666,24.958103,3000
2010-02-17,29.736666,30.0,28.666666,29.559999,24.660553,21000
2010-02-18,29.626667,29.626667,29.24,29.496666,24.607716,34200
2010-02-19,29.603333,29.603333,29.136667,29.459999,24.577126,9600
2010-02-22,29.663334,29.93,29.246666,29.93,24.969227,15900
2010-02-23,29.913334,29.926666,29.406666,29.913334,24.955322,4800
2010-02-24,29.516666,29.753334,29.383333,29.753334,24.821842,2700
2010-02-25,29.403334,29.936666,29.393333,29.936666,24.974789,3000
2010-02-26,29.92,30.059999,29.66,29.690001,24.769007,107700
2010-03-01,29.049999,29.966667,29.049999,29.966667,24.999817,6000
2010-03-02,29.353333,29.853333,29.006666,29.663334,24.746759,6300
2010-03-03,29.49,29.783333,29.27,29.416666,24.540976,14700
2010-03-04,29.176666,29.24,29.049999,29.166666,24.332413,11100
2010-03-05,28.719999,29.366667,28.696667,29.366667,24.499264,32100
2010-03-08,28.723333,28.963333,28.266666,28.889999,24.101603,16500
2010-03-09,28.916666,28.916666,28.293333,28.753334,23.987589,10200
2010-03-10,28.403334,28.403334,28.18,28.333334,23.637201,3000
2010-03-11,28.483334,28.666666,28.173334,28.333334,23.637201,15600
2010-03-12,28.33,28.363333,28.186666,28.333334,23.637201,17400
2010-03-15,28.0,28.313334,28.0,28.223333,23.545433,4800
2010-03-16,28.333334,28.333334,28.0,28.190001,23.517624,7500
2010-03-17,28.030001,28.236666,28.030001,28.236666,23.556555,3600
2010-03-18,28.006666,28.006666,27.08,27.66,23.07547,5400
2010-03-19,28.086666,30.003334,27.036667,30.003334,25.030405,76200
2010-03-22,29.833334,29.833334,29.0,29.48,24.593811,2700
2010-03-23,29.343334,29.346666,28.413334,28.413334,23.703941,2400
2010-03-24,29.049999,29.049999,28.816668,28.816668,24.040424,600
2010-03-25,28.816668,28.816668,28.816668,28.816668,24.040424,0
2010-03-26,27.76,29.703333,27.683332,28.163334,23.495378,10500
2010-03-29,28.02,28.02,27.926666,27.926666,23.297937,1200
2010-03-30,28.219999,28.67,28.219999,28.67,23.918066,1800
2010-03-31,29.016666,29.016666,28.16,28.16,23.492596,9000
2010-04-01,28.15,28.696667,28.15,28.493334,23.770681,5700
2010-04-05,28.026667,29.646667,28.026667,28.256666,23.57324,2100
2010-04-06,27.576666,28.006666,27.576666,27.956667,23.322966,900
2010-04-07,27.959999,27.969999,27.959999,27.969999,23.334087,600
2010-04-08,27.969999,27.969999,27.969999,27.969999,23.334087,0
2010-04-09,27.983334,28.266666,27.066668,27.836666,23.222855,11700
2010-04-12,28.346666,28.346666,28.163334,28.163334,23.495378,600
2010-04-13,28.17,28.26,28.166666,28.26,23.576023,2400
2010-04-14,28.343334,28.343334,28.343334,28.343334,23.645544,600
2010-04-15,28.190001,29.313334,28.190001,29.313334,24.454769,900
2010-04-16,29.18,29.18,28.663334,28.663334,23.912504,3900
2010-04-19,27.753334,28.799999,27.753334,28.25,23.56768,5400
2010-04-20,28.656666,28.666666,28.383333,28.666666,23.915285,1200
2010-04-21,28.653334,28.653334,28.283333,28.386667,23.681694,1200
2010-04-22,28.386667,28.386667,28.386667,28.386667,23.681694,0
2010-04-23,28.353333,28.993334,28.353333,28.4,23.692818,2100
2010-04-26,27.5,28.666666,27.5,27.596666,23.022633,3900
2010-04-27,26.876667,27.5,26.876667,27.393333,22.853003,9600
2010-04-28,28.58,28.67,27.953333,27.953333,23.320185,4200
2010-04-29,27.426666,28.0,27.426666,27.93,23.300718,4200
2010-04-30,28.0,28.0,27.98,27.98,23.34243,4200
2010-05-03,28.26,28.776667,28.156666,28.776667,24.007053,3600
2010-05-04,28.016666,28.34,27.833334,27.833334,23.220074,7800
2010-05-05,28.446667,28.553333,28.006666,28.086666,23.431417,3900
2010-05-06,27.9,28.083334,27.666666,27.666666,23.08103,12600
2010-05-07,27.736666,28.5,27.553333,27.666666,23.08103,2400
2010-05-10,28.02,28.486666,27.916666,28.389999,23.684475,5700
2010-05-11,28.299999,29.65,28.299999,29.113333,24.287918,6000
2010-05-12,27.813334,29.446667,27.813334,29.426666,24.549318,6000
2010-05-13,29.26,29.296667,28.353333,29.223333,24.379686,4200
2010-05-14,28.666666,29.123333,28.023333,28.023333,23.378582,2400
2010-05-17,28.0,28.469999,27.963333,28.01,23.367458,2100
2010-05-18,28.4,29.123333,28.356667,28.673334,23.920847,3300
2010-05-19,29.16,29.323334,28.753334,28.753334,23.987589,3900
2010-05-20,28.333334,28.333334,26.856667,26.856667,22.405285,2400
2010-05-21,26.733334,27.776667,26.459999,26.893333,22.435875,6900
2010-05-24,27.43,27.43,27.0,27.0,22.524862,1200
2010-05-25,27.713333,27.713333,27.206667,27.5,22.94199,1800
2010-05-26,27.52,28.333334,27.52,28.083334,23.428638,9600
2010-05-27,28.486666,28.486666,28.486666,28.486666,23.76512,1200
2010-05-28,28.469999,28.493334,28.103333,28.103333,23.445322,1800
2010-06-01,28.5,28.5,27.34,27.34,22.808508,6600
2010-06-02,28.200001,28.246666,27.450001,28.246666,23.564898,3600
2010-06-03,27.753334,27.883333,27.733334,27.833334,23.220074,2400
2010-06-04,27.123333,27.139999,26.666666,26.666666,22.246777,3600
2010-06-07,26.870001,26.870001,26.666666,26.666666,22.246777,2100
2010-06-08,27.040001,27.040001,26.793333,26.883333,22.427532,3300
2010-06-09,26.933332,27.200001,26.836666,27.103333,22.611067,4200
2010-06-10,27.166666,27.733334,26.92,27.733334,23.136648,2400
2010-06-11,27.200001,27.776667,27.196667,27.776667,23.1728,1800
2010-06-14,27.833334,27.833334,27.833334,27.833334,23.220074,1200
2010-06-15,27.17,28.126667,27.17,28.126667,23.464788,2700
2010-06-16,28.126667,28.126667,28.126667,28.126667,23.464788,0
2010-06-17,27.323334,27.323334,27.209999,27.209999,22.700054,600
2010-06-18,27.803333,27.986666,27.463333,27.463333,22.9114,19500
2010-06-21,28.559999,28.559999,27.77,27.77,23.167238,2100
2010-06-22,28.133333,28.523333,28.013334,28.253334,23.570461,2700
2010-06-23,28.096666,28.666666,27.870001,28.666666,23.915285,3900
2010-06-24,28.299999,28.629999,28.190001,28.190001,23.517624,4200
2010-06-25,28.953333,29.57,27.776667,29.57,24.668896,153300
2010-06-28,29.163334,29.163334,27.293333,27.540001,22.975361,10500
2010-06-29,27.203333,27.540001,27.056667,27.056667,22.572138,5700
2010-06-30,27.360001,28.033333,26.969999,26.969999,22.499834,4200
2010-07-01,27.643333,27.643333,26.370001,26.67,22.249557,6900
2010-07-02,26.616667,26.616667,25.866667,25.866667,21.579374,14700
2010-07-06,26.393333,26.393333,25.403334,25.403334,21.192837,8700
2010-07-07,25.9,26.666666,25.67,26.666666,22.246777,4500
2010-07-08,26.686666,26.686666,25.483334,25.633333,21.384714,12600
2010-07-09,25.469999,25.893333,25.076666,25.893333,21.601622,14100
2010-07-12,25.536667,25.536667,25.496666,25.496666,21.270699,2100
2010-07-13,25.459999,26.333334,25.360001,26.25,21.899172,45300
2010-07-14,25.776667,25.776667,25.776667,25.776667,21.504292,1800
2010-07-15,25.703333,25.799999,25.703333,25.799999,21.523756,1800
2010-07-16,25.52,25.549999,25.243334,25.243334,21.059357,13500
2010-07-19,24.85,25.256666,24.85,25.233334,21.051014,3600
2010-07-20,24.986666,25.256666,24.416666,25.256666,21.070478,3900
2010-07-21,25.233334,25.233334,24.973333,24.973333,20.834106,1200
2010-07-22,25.76,25.76,25.76,25.76,21.490387,2700
2010-07-23,26.496666,26.666666,25.790001,26.553333,22.152229,5700
2010-07-26,26.666666,26.813334,25.283333,26.716667,22.28849,6000
2010-07-27,26.370001,26.370001,23.333334,25.84,21.557127,12600
2010-07-28,25.823334,25.823334,25.823334,25.823334,21.543222,2100
2010-07-29,25.83,25.836666,25.333334,25.456667,21.237329,30900
2010-07-30,25.226667,25.376667,25.226667,25.316668,21.120535,2700
2010-08-02,25.963333,25.963333,25.083334,25.290001,21.098288,4200
2010-08-03,25.18,25.610001,25.18,25.610001,21.36525,1200
2010-08-04,25.333334,25.603333,25.333334,25.603333,21.359686,2400
2010-08-05,25.66,25.66,25.306667,25.306667,21.112192,1200
2010-08-06,26.6,26.790001,25.666666,25.776667,21.504292,2700
2010-08-09,25.896667,25.9,25.896667,25.9,21.607182,1800
2010-08-10,25.586666,25.586666,25.0,25.136667,20.970369,2100
2010-08-11,24.366667,24.4,24.066668,24.066668,20.077717,5400
2010-08-12,23.936666,25.243334,23.936666,24.146667,20.144457,8100
2010-08-13,23.803333,24.666666,23.773333,24.08,20.08884,9600
2010-08-16,23.733334,24.243334,23.516666,24.216667,20.202854,5400
2010-08-17,24.266666,25.01,24.266666,25.01,20.864697,3000
2010-08-18,24.916666,24.916666,24.916666,24.916666,20.786833,1800
2010-08-19,24.9,24.9,24.246666,24.246666,20.227882,2400
2010-08-20,24.190001,24.25,23.736666,24.0,20.022099,6000
2010-08-23,24.603333,24.603333,23.733334,23.733334,19.799631,1500
2010-08-24,23.666666,24.346666,23.666666,23.733334,19.799631,4200
2010-08-25,24.033333,24.129999,23.853333,24.129999,20.130552,2100
2010-08-26,24.333334,25.093334,24.333334,24.516666,20.453131,7200
2010-08-27,23.976667,25.333334,23.976667,25.333334,21.134439,11400
2010-08-30,25.076666,25.076666,24.033333,24.033333,20.049908,8700
2010-08-31,24.139999,24.903334,23.68,24.903334,20.775709,7500
2010-09-01,24.85,25.23,24.299999,25.23,21.048231,15300
2010-09-02,25.299999,25.6,24.286667,25.6,21.356907,38100
2010-09-03,26.126667,26.126667,24.620001,25.549999,21.315193,6600
2010-09-07,25.883333,26.026667,25.113333,25.113333,20.950901,6000
2010-09-08,25.110001,25.110001,24.9,25.066668,20.911972,1800
2010-09-09,25.0,25.0,24.9,24.903334,20.775709,1800
2010-09-10,24.573334,24.959999,24.573334,24.906666,20.77849,2400
2010-09-13,24.809999,25.466667,24.809999,25.466667,21.245672,6900
2010-09-14,25.183332,25.183332,25.0,25.049999,20.898066,2400
2010-09-15,25.049999,25.049999,24.643333,25.033333,20.884161,9000
2010-09-16,24.58,24.58,24.58,24.58,20.505966,600
2010-09-17,24.863333,24.886667,24.313334,24.886667,20.761805,10800
2010-09-20,24.799999,25.333334,24.406666,25.02,20.873039,21600
2010-09-21,24.756666,24.756666,24.756666,24.756666,20.653351,900
2010-09-22,24.536667,24.536667,24.536667,24.536667,20.469816,900
2010-09-23,24.606667,24.746666,24.206667,24.286667,20.261253,6600
2010-09-24,24.636667,24.746666,24.43,24.673334,20.583832,6300
2010-09-27,24.313334,24.313334,23.956667,24.056667,20.069374,6000
2010-09-28,24.040001,24.093334,23.42,23.763334,19.824659,11100
2010-09-29,23.633333,24.036667,23.336666,24.036667,20.052689,10200
2010-09-30,24.5,24.5,23.376667,23.376667,19.502081,9300
2010-10-01,23.703333,23.703333,23.440001,23.643333,19.724548,3300
2010-10-04,23.643333,23.643333,23.456667,23.456667,19.568821,1800
2010-10-05,23.959999,24.333334,23.959999,24.333334,20.300184,6600
2010-10-06,24.116667,24.333334,24.07,24.07,20.080498,2400
2010-10-07,23.75,24.103333,23.5,24.073334,20.083279,3300
2010-10-08,24.446667,24.583334,23.166666,23.333334,19.465931,43200
2010-10-11,23.003334,23.18,22.816668,22.816668,19.034899,9600
2010-10-12,22.966667,23.0,22.559999,22.700001,18.937571,6000
2010-10-13,22.683332,22.700001,22.563334,22.666666,18.90976,11400
2010-10-14,22.666666,22.786667,22.606667,22.606667,18.859705,6900
2010-10-15,22.676666,23.123333,22.35,23.123333,19.290737,26700
2010-10-18,22.666666,22.966667,22.666666,22.966667,19.160038,15300
2010-10-19,22.5,22.966667,22.5,22.533333,18.798527,15900
2010-10-20,22.65,22.993334,22.616667,22.936666,19.13501,25800
2010-10-21,22.6,22.666666,22.583334,22.583334,18.84024,5700
2010-10-22,22.563334,22.823334,22.556667,22.823334,19.040461,15300
2010-10-25,22.58,22.936666,22.513334,22.923334,19.123886,27000
2010-10-26,22.686666,23.106667,22.666666,23.106667,19.276833,4500
2010-10-27,22.870001,22.870001,22.450001,22.526667,18.792965,3300
2010-10-28,22.42,22.5,22.42,22.5,18.770718,2700
2010-10-29,22.666666,22.67,22.666666,22.67,18.912542,2700
2010-11-01,22.666666,22.813334,22.596666,22.813334,19.032118,7800
2010-11-02,22.666666,22.950001,22.440001,22.950001,19.146133,16200
2010-11-03,22.969999,23.190001,22.969999,23.190001,19.346354,2700
2010-11-04,23.0,23.0,21.916666,22.476667,18.751253,26400
2010-11-05,22.416666,22.573334,22.116667,22.573334,18.831898,3300
2010-11-08,22.886667,22.913334,22.586666,22.6,18.854143,7200
2010-11-09,22.736666,22.736666,22.48,22.493334,18.765158,3300
2010-11-10,22.426666,23.0,22.426666,23.0,19.187845,2100
2010-11-11,22.736666,22.736666,22.5,22.5,18.770718,2400
2010-11-12,22.546667,22.546667,22.546667,22.546667,18.80965,1200
2010-11-15,22.666666,22.736666,22.666666,22.736666,18.968157,1800
2010-11-16,22.666666,22.666666,22.5,22.5,18.770718,14400
2010-11-17,22.5,22.5,22.5,22.5,18.770718,0
2010-11-18,22.666666,22.666666,22.6,22.6,18.854143,8700
2010-11-19,22.666666,22.666666,22.663334,22.666666,18.90976,3600
2010-11-22,22.476667,22.666666,22.370001,22.666666,18.90976,3900
2010-11-23,22.360001,22.663334,22.316668,22.443333,18.723444,5400
2010-11-24,23.309999,23.309999,23.309999,23.309999,19.446465,900
2010-11-26,23.309999,23.309999,23.309999,23.309999,19.446465,0
2010-11-29,22.860001,22.860001,22.57,22.57,18.829115,1500
2010-11-30,22.813334,24.806667,22.466667,24.806667,20.695065,10500
2010-12-01,24.85,25.639999,23.883333,25.596666,21.354124,42900
2010-12-02,25.653334,27.98,25.646667,27.083334,22.594383,36600
2010-12-03,27.116667,28.196667,26.01,26.386667,22.013187,79800
2010-12-06,26.656666,27.166666,25.086666,26.333334,21.968693,37200
2010-12-07,27.003334,28.08,26.426666,27.816668,23.206171,44400
2010-12-08,28.32,28.32,27.719999,27.833334,23.220074,5400
2010-12-09,27.716667,28.23,26.933332,28.23,23.550995,21900
2010-12-10,28.153334,28.26,27.35,28.139999,23.475912,16200
2010-12-13,28.166666,28.9,27.683332,28.296667,23.606611,45300
2010-12-14,28.346666,29.08,28.063334,28.783333,24.012615,16800
2010-12-15,28.566668,28.620001,28.25,28.553333,23.820736,9600
2010-12-16,28.923334,29.933332,28.653334,29.696667,24.774567,30600
2010-12-17,29.696667,31.326666,29.696667,31.326666,26.134401,28200
2010-12-20,31.096666,32.256668,30.686666,31.046667,25.90081,27900
2010-12-21,30.09,31.0,29.636667,30.92,25.795137,8700
2010-12-22,30.453333,31.766666,30.453333,31.25,26.070442,7800
2010-12-23,30.85,31.666666,30.166666,31.666666,26.418047,25800
2010-12-27,32.126667,32.943333,31.383333,32.943333,27.483112,7200
2010-12-28,32.470001,33.123333,32.220001,32.593334,27.191124,33000
2010-12-29,31.9,33.016666,31.733334,32.060001,26.746189,53400
2010-12-30,32.263332,32.263332,31.613333,31.613333,26.373554,1500
2010-12-31,31.166666,31.466667,30.43,30.986666,25.850754,12900
2011-01-03,31.186666,31.863333,31.0,31.863333,26.582117,6900
2011-01-04,31.753334,31.866667,31.440001,31.65,26.404144,3300
2011-01-05,31.646667,32.133335,31.42,32.133335,26.807367,5400
2011-01-06,31.833334,32.123333,31.423334,32.123333,26.799025,14400
2011-01-07,31.626667,31.969999,31.236666,31.530001,26.304033,26100
2011-01-10,31.333334,31.383333,30.866667,31.383333,26.181675,3300
2011-01-11,31.366667,31.366667,31.366667,31.366667,26.167772,600
2011-01-12,31.576666,31.686666,31.503334,31.686666,26.434732,1800
2011-01-13,31.403334,31.616667,31.02,31.02,25.878565,4500
2011-01-14,31.09,31.333334,31.09,31.333334,26.139963,4200
2011-01-18,31.32,32.0,31.32,31.719999,26.462542,16400
2011-01-19,31.870001,32.959999,31.280001,32.77,27.338509,20600
2011-01-20,32.529999,32.77,32.110001,32.110001,26.787901,15800
2011-01-21,32.419998,32.59,32.139999,32.509998,27.121601,9000
2011-01-24,32.200001,32.470001,31.24,31.870001,26.587681,6700
2011-01-25,30.950001,31.709999,30.65,31.09,25.936962,13700
2011-01-26,30.969999,31.530001,30.48,31.190001,26.020388,7500
2011-01-27,30.870001,31.370001,30.870001,31.370001,26.170553,5800
2011-01-28,31.299999,31.299999,29.629999,29.629999,24.71895,10800
2011-01-31,29.950001,29.950001,27.76,28.27,23.584366,9400
2011-02-01,28.450001,28.82,27.190001,28.02,23.375801,10100
2011-02-02,28.43,32.330002,28.110001,31.77,26.504255,20500
2011-02-03,31.15,31.15,29.25,29.91,24.952541,8600
2011-02-04,29.540001,30.23,28.0,28.17,23.500938,15800
2011-02-07,28.25,29.940001,28.07,29.200001,24.360222,8200
2011-02-08,28.91,30.0,28.280001,28.389999,23.684475,15600
2011-02-09,28.379999,28.709999,27.33,27.450001,22.900276,19300
2011-02-10,27.469999,28.15,27.32,27.790001,23.183924,2800
2011-02-11,27.51,27.969999,27.5,27.83,23.217293,6500
2011-02-14,27.879999,28.0,27.389999,27.469999,22.916962,6400
2011-02-15,27.450001,27.799999,27.35,27.549999,22.983702,4600
2011-02-16,27.58,27.860001,27.309999,27.629999,23.050442,2900
2011-02-17,27.700001,27.709999,27.049999,27.709999,23.117182,12400
2011-02-18,27.610001,27.799999,27.200001,27.4,22.858562,29300
2011-02-22,27.120001,27.120001,25.389999,25.629999,21.381933,22600
2011-02-23,25.870001,26.860001,24.799999,25.219999,21.039888,38000
2011-02-24,25.16,26.0,24.379999,25.41,21.198399,20300
2011-02-25,25.190001,26.09,25.16,25.559999,21.323536,3900
2011-02-28,25.52,26.48,24.75,25.059999,20.906408,14100
2011-03-01,25.290001,25.290001,24.26,25.08,20.923094,19900
2011-03-02,25.0,25.799999,24.15,25.73,21.465359,12600
2011-03-03,25.74,26.35,25.49,26.290001,21.932543,9800
2011-03-04,25.370001,26.110001,25.370001,26.09,21.76569,3300
2011-03-07,25.379999,26.08,24.969999,25.01,20.864697,19800
2011-03-08,25.5,26.799999,25.5,26.700001,22.274586,20000
2011-03-09,26.530001,26.99,26.379999,26.959999,22.491491,4800
2011-03-10,26.450001,26.790001,25.879999,25.879999,21.590496,7000
2011-03-11,25.98,27.209999,25.75,26.77,22.332983,12100
2011-03-14,26.76,27.16,26.76,26.870001,22.41641,10100
2011-03-15,26.25,26.99,26.25,26.67,22.249557,4300
2011-03-16,26.639999,26.67,25.0,25.0,20.856354,9300
2011-03-17,25.530001,26.34,24.58,24.58,20.505966,16200
2011-03-18,24.780001,24.82,23.700001,23.91,19.947016,37300
2011-03-21,24.0,25.43,24.0,25.15,20.981491,8700
2011-03-22,25.24,26.92,25.24,26.639999,22.224529,10500
2011-03-23,25.969999,26.440001,25.610001,26.200001,21.85746,6500
2011-03-24,26.360001,26.370001,25.68,26.32,21.957569,5100
2011-03-25,26.790001,27.15,26.16,26.73,22.299612,9200
2011-03-28,26.0,26.860001,26.0,26.200001,21.85746,6100
2011-03-29,26.18,26.450001,25.16,26.450001,22.066023,7000
2011-03-30,26.610001,26.91,26.389999,26.84,22.391382,5700
2011-03-31,26.309999,26.75,25.889999,26.75,22.316298,6800
2011-04-01,26.76,27.629999,26.17,27.629999,23.050442,13900
2011-04-04,27.030001,27.84,27.030001,27.84,23.225636,3500
2011-04-05,27.65,28.190001,27.65,28.190001,23.517624,2600
2011-04-06,28.200001,28.75,28.07,28.65,23.901381,4700
2011-04-07,28.549999,28.6,28.42,28.5,23.776243,3600
2011-04-08,28.639999,28.639999,28.219999,28.219999,23.542652,1200
2011-04-11,28.379999,28.450001,28.07,28.07,23.417513,2100
2011-04-12,27.91,27.91,26.75,27.26,22.741768,13500
2011-04-13,27.4,27.4,26.799999,27.040001,22.558233,9900
2011-04-14,26.92,27.17,26.83,27.129999,22.633314,2300
2011-04-15,26.99,26.99,26.75,26.959999,22.491491,5400
2011-04-18,26.52,26.700001,25.93,25.93,21.63221,3100
2011-04-19,26.08,26.34,25.91,26.309999,21.949226,2100
2011-04-20,26.639999,28.139999,25.34,25.459999,21.24011,12200
2011-04-21,25.629999,26.42,25.33,25.41,21.198399,14000
2011-04-25,25.309999,25.33,25.01,25.18,21.006519,3100
2011-04-26,25.65,25.65,24.940001,25.16,20.989834,3600
2011-04-27,25.75,25.75,25.049999,25.24,21.056574,2800
2011-04-28,25.75,25.75,25.290001,25.459999,21.24011,1700
2011-04-29,25.17,25.459999,25.129999,25.209999,21.031546,1900
2011-05-02,25.26,25.26,24.719999,24.719999,20.622763,3700
2011-05-03,24.65,25.049999,23.9,24.0,20.022099,8900
2011-05-04,23.860001,24.0,22.33,23.75,19.813536,15300
2011-05-05,23.540001,23.889999,23.540001,23.639999,19.721767,3100
2011-05-06,23.99,24.0,23.65,23.780001,19.838564,5200
2011-05-09,23.75,23.9,23.0,23.620001,19.705084,13000
2011-05-10,23.709999,23.799999,23.559999,23.74,19.805193,2800
2011-05-11,23.620001,23.620001,22.91,22.98,19.17116,1600
2011-05-12,23.27,23.530001,22.9,22.959999,19.154474,7300
2011-05-13,23.030001,23.030001,22.549999,22.549999,18.812429,8000
2011-05-16,22.41,22.93,22.209999,22.209999,18.528784,9900
2011-05-17,22.26,22.65,22.02,22.08,18.420332,8800
2011-05-18,22.17,22.940001,22.17,22.940001,19.137791,4600
2011-05-19,22.889999,23.23,22.889999,22.940001,19.137791,4200
2011-05-20,22.700001,23.51,22.700001,23.23,19.379723,5400
2011-05-23,23.16,23.17,22.34,22.52,18.787403,4900
2011-05-24,22.639999,22.639999,22.0,22.18,18.503757,4100
2011-05-25,22.01,22.35,22.01,22.27,18.57884,12000
2011-05-26,22.290001,22.290001,22.15,22.209999,18.528784,7600
2011-05-27,22.299999,22.299999,22.01,22.139999,18.470387,5700
2011-05-31,22.299999,22.440001,22.059999,22.4,18.687292,18800
2011-06-01,22.24,22.450001,22.16,22.16,18.487072,11000
2011-06-02,22.200001,22.33,21.870001,21.870001,18.245138,3200
2011-06-03,21.450001,22.690001,20.790001,20.790001,17.344145,15000
2011-06-06,20.83,20.84,20.549999,20.549999,17.143923,9500
2011-06-07,20.709999,21.0,20.370001,20.799999,17.352486,6100
2011-06-08,20.629999,20.77,19.99,20.23,16.876961,11500
2011-06-09,19.49,20.35,19.49,19.99,16.676741,17200
2011-06-10,19.879999,21.74,19.879999,20.799999,17.352486,22000
2011-06-13,20.969999,21.66,20.18,20.719999,17.285746,30000
2011-06-14,21.0,22.059999,20.530001,22.059999,18.403646,20000
2011-06-15,21.790001,22.27,21.790001,22.110001,18.44536,4500
2011-06-16,22.09,23.74,22.09,23.58,19.671713,7400
2011-06-17,23.73,23.92,22.870001,23.75,19.813536,24400
2011-06-20,23.690001,24.58,23.620001,24.450001,20.397514,5600
2011-06-21,24.559999,25.75,24.559999,25.0,20.856354,14700
2011-06-22,24.98,25.0,22.92,23.559999,19.655027,13800
2011-06-23,23.280001,23.4,21.190001,21.67,18.078287,52300
2011-06-24,21.780001,24.09,20.950001,23.629999,19.713425,216500
2011-06-27,23.360001,23.42,21.91,22.309999,18.612209,21900
2011-06-28,22.530001,23.35,21.360001,23.219999,19.37138,17200
2011-06-29,22.99,23.1,22.709999,22.809999,19.029337,5400
2011-06-30,22.860001,22.860001,21.9,22.370001,18.662266,6400
2011-07-01,22.370001,22.98,21.48,22.84,19.054365,8700
2011-07-05,22.85,23.6,22.040001,23.370001,19.496521,12200
2011-07-06,23.42,23.68,22.700001,23.389999,19.513205,7300
2011-07-07,23.75,25.49,23.73,25.299999,21.106628,6900
2011-07-08,24.98,25.610001,24.59,25.33,21.131657,7300
2011-07-11,24.93,25.870001,24.93,25.120001,20.956465,8500
2011-07-12,25.219999,25.84,25.16,25.280001,21.089945,13500
2011-07-13,25.34,25.77,24.870001,25.139999,20.973148,8100
2011-07-14,25.120001,25.26,24.059999,24.75,20.647791,15700
2011-07-15,24.969999,25.790001,24.49,25.450001,21.23177,16800
2011-07-18,25.51,26.24,24.93,25.77,21.49873,14300
2011-07-19,26.059999,26.5,25.030001,26.5,22.107735,22400
2011-07-20,25.790001,26.34,24.870001,26.08,21.757347,8900
2011-07-21,26.209999,26.35,25.91,26.26,21.907515,3200
2011-07-22,26.27,26.27,25.120001,25.49,21.265139,3300
2011-07-25,25.190001,25.66,24.700001,25.280001,21.089945,19800
2011-07-26,25.24,25.24,24.469999,24.82,20.706188,3100
2011-07-27,24.450001,24.57,23.6,23.98,20.005415,8400
2011-07-28,24.0,24.02,23.41,23.77,19.830221,4400
2011-07-29,23.4,23.49,22.530001,23.17,19.329668,4800
2011-08-01,23.52,23.59,23.01,23.15,19.312983,23700
2011-08-02,23.139999,25.120001,22.719999,23.41,19.52989,12500
2011-08-03,23.41,24.33,23.030001,23.889999,19.93033,4600
2011-08-04,24.5,24.5,22.74,22.74,18.97094,13700
2011-08-05,22.91,23.879999,22.049999,22.16,18.487072,14800
2011-08-08,21.82,23.99,20.0,20.309999,16.943701,25500
2011-08-09,20.91,23.690001,20.43,23.24,19.388065,12600
2011-08-10,22.93,23.700001,22.23,22.91,19.112762,16000
2011-08-11,23.030001,23.98,21.290001,23.049999,19.229557,37000
2011-08-12,23.440001,23.639999,23.0,23.200001,19.354696,1700
2011-08-15,23.58,23.75,22.91,23.74,19.805193,3900
2011-08-16,23.360001,23.65,20.91,21.610001,18.028233,9800
2011-08-17,21.719999,22.469999,21.629999,22.02,18.370277,3900
2011-08-18,22.370001,22.370001,20.5,20.549999,17.143923,10800
2011-08-19,20.5,21.68,20.309999,20.32,16.952044,7200
2011-08-22,21.0,21.65,20.299999,20.690001,17.260719,11600
2011-08-23,20.75,21.68,20.75,21.09,17.594419,13600
2011-08-24,20.969999,21.67,20.82,21.67,18.078287,8600
2011-08-25,21.75,21.75,20.75,20.91,17.444254,9700
2011-08-26,20.75,22.42,20.75,22.0,18.353592,5000
2011-08-29,22.0,22.879999,22.0,22.879999,19.087734,5500
2011-08-30,22.719999,22.719999,21.540001,22.450001,18.729006,3800
2011-08-31,22.559999,22.9,21.629999,22.469999,18.745689,6800
2011-09-01,22.49,22.66,20.75,21.02,17.536022,12600
2011-09-02,20.73,21.25,19.889999,19.9,16.601658,12300
2011-09-06,19.5,20.26,19.049999,19.27,16.076078,10800
2011-09-07,19.74,20.709999,19.440001,20.280001,16.918674,32300
2011-09-08,20.1,21.459999,20.1,20.25,16.893646,10900
2011-09-09,20.01,21.309999,19.719999,19.790001,16.50989,15000
2011-09-12,19.75,20.25,19.459999,20.030001,16.710112,8400
2011-09-13,20.110001,21.33,19.76,20.34,16.968729,5500
2011-09-14,20.41,20.959999,20.17,20.83,17.377514,6500
2011-09-15,20.9,20.9,20.040001,20.530001,17.127237,4000
2011-09-16,20.700001,21.530001,20.4,21.43,17.878067,19900
2011-09-19,20.940001,20.940001,19.860001,19.879999,16.584972,3900
2011-09-20,20.01,20.58,19.84,19.84,16.551603,12100
2011-09-21,19.84,20.25,19.17,19.309999,16.109447,8700
2011-09-22,18.74,19.51,18.27,18.33,15.291879,13600
2011-09-23,18.389999,19.290001,18.389999,19.040001,15.8842,7000
2011-09-26,19.1,20.700001,19.1,20.58,17.168951,7700
2011-09-27,21.040001,21.49,20.43,21.49,17.928122,8200
2011-09-28,21.370001,22.209999,20.120001,20.6,17.185637,8600
2011-09-29,21.08,21.75,20.49,21.1,17.602762,7900
2011-09-30,20.690001,20.940001,19.940001,20.209999,16.860275,5100
2011-10-03,20.030001,21.75,17.76,19.0,15.850829,10700
2011-10-04,19.0,22.9,18.15,22.75,18.979282,25600
2011-10-05,22.59,22.940001,21.5,22.73,18.962597,11300
2011-10-06,22.549999,22.68,21.940001,22.67,18.912542,10900
2011-10-07,22.610001,22.610001,19.969999,20.790001,17.344145,11700
2011-10-10,20.639999,20.969999,19.99,20.969999,17.494308,11900
2011-10-11,20.790001,21.07,19.790001,20.969999,17.494308,7200
2011-10-12,20.6,21.709999,20.6,21.709999,18.111656,6800
2011-10-13,21.51,22.99,21.01,22.719999,18.954254,5100
2011-10-14,22.940001,24.5,22.940001,24.4,20.355801,9100
2011-10-17,24.120001,24.120001,23.4,23.75,19.813536,16400
2011-10-18,23.52,24.1,23.42,24.02,20.038784,10100
2011-10-19,23.9,23.9,22.76,22.799999,19.020994,6400
2011-10-20,22.82,23.389999,22.76,22.870001,19.079393,6500
2011-10-21,23.459999,23.459999,22.98,23.08,19.254585,10100
2011-10-24,23.33,23.75,23.33,23.75,19.813536,6600
2011-10-25,23.540001,24.35,22.67,23.07,19.246243,8000
2011-10-26,23.41,24.040001,22.83,23.6,19.688398,8500
2011-10-27,24.41,24.98,23.620001,24.540001,20.472597,31400
2011-10-28,24.26,24.5,23.26,23.74,19.805193,10300
2011-10-31,23.049999,23.51,22.959999,23.0,19.187845,6100
2011-11-01,22.09,23.389999,22.09,22.92,19.121105,10800
2011-11-02,23.01,24.0,22.49,23.4,19.521547,10800
2011-11-03,23.690001,23.690001,22.33,23.5,19.604973,9100
2011-11-04,23.049999,23.23,22.18,23.23,19.379723,2800
2011-11-07,23.200001,23.200001,22.280001,22.92,19.121105,2100
2011-11-08,23.139999,23.870001,22.83,23.540001,19.638344,3700
2011-11-09,22.860001,23.379999,22.42,22.91,19.112762,11800
2011-11-10,23.440001,23.440001,22.52,22.66,18.9042,4200
2011-11-11,22.879999,23.450001,22.77,23.440001,19.554918,6800
2011-11-14,23.33,23.440001,22.950001,23.26,19.404751,6500
2011-11-15,23.200001,23.52,22.92,23.0,19.187845,6800
2011-11-16,23.15,23.35,22.5,22.5,18.770718,6000
2011-11-17,22.610001,22.719999,21.549999,22.08,18.420332,6200
2011-11-18,22.110001,22.110001,21.57,21.57,17.994862,5200
2011-11-21,21.27,21.790001,21.09,21.09,17.594419,5200
2011-11-22,21.08,21.08,20.15,20.190001,16.843592,6000
2011-11-23,20.049999,20.049999,18.93,18.940001,15.800774,6600
2011-11-25,18.969999,19.41,18.41,19.41,16.192873,6900
2011-11-28,19.950001,22.16,19.07,20.860001,17.402542,12400
2011-11-29,20.879999,21.5,20.35,20.540001,17.13558,10300
2011-11-30,21.559999,22.82,20.299999,22.780001,19.004311,24100
2011-12-01,22.76,22.780001,20.809999,20.82,17.369171,13800
2011-12-02,21.09,21.35,20.059999,20.959999,17.485966,5300
2011-12-05,21.690001,22.469999,21.690001,22.35,18.64558,9600
2011-12-06,22.41,22.41,21.75,22.25,18.562155,8300
2011-12-07,21.82,21.91,21.82,21.91,18.278509,3400
2011-12-08,21.620001,22.01,20.790001,20.790001,17.344145,5500
2011-12-09,20.16,20.799999,20.139999,20.67,17.244034,14700
2011-12-12,20.24,20.83,20.07,20.209999,16.860275,6400
2011-12-13,20.23,20.32,19.24,19.32,16.11779,6400
2011-12-14,19.24,19.799999,19.139999,19.49,16.259613,6700
2011-12-15,19.709999,20.43,19.709999,20.08,16.751823,11000
2011-12-16,20.360001,20.5,20.030001,20.5,17.102209,15800
2011-12-19,20.85,21.6,20.74,20.790001,17.344145,6600
2011-12-20,21.299999,22.4,21.299999,22.360001,18.653923,12800
2011-12-21,22.17,22.17,21.58,22.059999,18.403646,3500
2011-12-22,22.08,22.540001,22.08,22.540001,18.804089,3500
2011-12-23,22.610001,22.639999,21.559999,22.01,18.361935,4300
2011-12-27,22.1,22.1,21.290001,21.51,17.944807,4500
2011-12-28,21.059999,21.110001,20.530001,20.74,17.302431,5200
2011-12-29,20.799999,21.799999,20.68,21.790001,18.178398,11500
2011-12-30,21.610001,22.799999,21.5,21.700001,18.103315,18800
2012-01-03,22.24,22.940001,21.690001,22.17,18.495415,10800
2012-01-04,21.91,23.0,21.77,22.01,18.361935,8200
2012-01-05,21.83,22.67,21.75,22.6,18.854143,4300
2012-01-06,22.91,23.18,22.440001,22.459999,18.737347,7900
2012-01-09,22.0,22.35,21.91,22.34,18.637238,4700
2012-01-10,22.35,22.35,21.85,22.1,18.437017,7400
2012-01-11,22.01,22.09,22.01,22.09,18.428675,2200
2012-01-12,22.1,22.1,21.59,22.059999,18.403646,8000
2012-01-13,21.620001,22.0,21.620001,21.639999,18.053259,5000
2012-01-17,21.93,22.07,21.93,22.059999,18.403646,6900
2012-01-18,22.030001,22.299999,22.030001,22.16,18.487072,5000
2012-01-19,22.209999,22.389999,22.17,22.27,18.57884,6000
2012-01-20,22.25,22.25,20.5,20.5,17.102209,15800
2012-01-23,20.530001,21.059999,20.530001,21.040001,17.552708,3000
2012-01-24,21.0,21.52,21.0,21.52,17.95315,5100
2012-01-25,22.040001,22.1,21.25,21.91,18.278509,16600
2012-01-26,22.290001,22.290001,21.85,21.85,18.228453,4800
2012-01-27,21.780001,23.49,21.780001,23.43,19.546576,4700
2012-01-30,22.629999,22.639999,20.5,20.5,17.102209,49000
2012-01-31,20.84,21.620001,20.549999,20.549999,17.143923,15700
2012-02-01,20.690001,21.790001,20.549999,21.35,17.811327,12400
2012-02-02,21.15,21.610001,20.950001,21.16,17.652817,10600
2012-02-03,21.57,24.299999,21.57,24.26,20.239006,11400
2012-02-06,24.08,24.6,22.75,23.18,19.338011,9600
2012-02-07,23.07,23.35,22.65,23.219999,19.37138,4900
2012-02-08,22.93,23.469999,22.93,23.219999,19.37138,2600
2012-02-09,23.33,23.33,22.559999,22.74,18.97094,5300
2012-02-10,22.48,23.280001,22.48,22.91,19.112762,2900
2012-02-13,23.309999,23.540001,22.139999,22.74,18.97094,5600
2012-02-14,22.459999,22.870001,22.0,22.370001,18.662266,5600
2012-02-15,22.58,22.58,22.0,22.34,18.637238,1800
2012-02-16,22.25,22.809999,22.24,22.5,18.770718,3000
2012-02-17,22.620001,23.1,22.24,22.92,19.121105,11200
2012-02-21,22.93,23.129999,22.030001,22.6,18.854143,5100
2012-02-22,22.709999,22.719999,22.15,22.25,18.562155,2100
2012-02-23,22.68,22.700001,22.52,22.700001,18.937571,3600
2012-02-24,22.6,22.6,22.0,22.0,18.353592,6600
2012-02-27,21.780001,22.17,21.75,22.16,18.487072,2700
2012-02-28,22.200001,22.43,21.91,22.43,18.71232,1900
2012-02-29,22.49,23.790001,21.91,22.5,18.770718,17000
2012-03-01,22.620001,22.83,21.809999,22.040001,18.386963,7000
2012-03-02,22.09,22.51,21.58,22.059999,18.403646,13100
2012-03-05,21.92,22.4,21.92,22.0,18.353592,1000
2012-03-06,21.83,22.09,21.530001,21.99,18.345249,9000
2012-03-07,21.99,22.52,21.91,22.52,18.787403,10100
2012-03-08,22.5,23.42,21.82,23.280001,19.421436,3300
2012-03-09,22.9,23.530001,22.709999,23.43,19.546576,6900
2012-03-12,22.75,23.549999,22.75,22.790001,19.012653,1500
2012-03-13,22.99,23.52,22.23,23.52,19.621658,5400
2012-03-14,23.200001,23.360001,23.09,23.299999,19.438122,4300
2012-03-15,23.33,23.5,23.33,23.5,19.604973,2000
2012-03-16,23.49,23.49,22.84,23.360001,19.488178,13500
2012-03-19,23.51,23.65,23.5,23.5,19.604973,8200
2012-03-20,23.200001,23.200001,23.1,23.1,19.271271,2900
2012-03-21,23.15,23.5,23.049999,23.33,19.46315,2800
2012-03-22,22.940001,22.940001,22.4,22.52,18.787403,18900
2012-03-23,23.01,23.549999,23.01,23.549999,19.646685,5000
2012-03-26,23.58,23.58,23.049999,23.52,19.621658,11400
2012-03-27,23.610001,23.75,23.030001,23.370001,19.496521,10400
2012-03-28,23.299999,23.299999,22.709999,22.99,19.179502,4300
2012-03-29,22.74,23.16,22.74,23.030001,19.212873,4700
2012-03-30,23.299999,23.34,22.959999,23.290001,19.429779,8800
2012-04-02,23.129999,23.5,22.690001,23.5,19.604973,6900
2012-04-03,23.16,23.200001,22.77,22.77,18.995968,4200
2012-04-04,22.49,23.200001,22.030001,22.030001,18.37862,5200
2012-04-05,21.99,22.65,21.299999,21.940001,18.303535,18400
2012-04-09,21.32,22.75,21.25,21.27,17.744587,9200
2012-04-10,21.57,22.049999,20.549999,20.77,17.327459,11200
2012-04-11,21.190001,21.700001,20.84,21.450001,17.894753,6600
2012-04-12,21.43,21.799999,21.02,21.360001,17.81967,6100
2012-04-13,21.190001,21.209999,20.610001,20.92,17.452597,7300
2012-04-16,21.02,21.549999,20.620001,21.26,17.736244,4400
2012-04-17,21.4,22.02,21.370001,21.799999,18.186739,4600
2012-04-18,21.799999,21.799999,20.9,21.1,17.602762,9300
2012-04-19,21.24,21.34,20.48,20.48,17.085524,6500
2012-04-20,20.9,21.200001,20.57,21.049999,17.561049,9300
2012-04-23,20.67,20.99,20.629999,20.690001,17.260719,11000
2012-04-24,20.639999,21.1,20.639999,21.1,17.602762,2700
2012-04-25,21.26,21.799999,21.08,21.780001,18.170055,22400
2012-04-26,21.74,21.91,21.74,21.91,18.278509,1200
2012-04-27,21.99,22.450001,21.68,22.190001,18.5121,4900
2012-04-30,22.07,22.18,21.5,21.969999,18.328564,8500
2012-05-01,22.0,22.290001,20.639999,20.639999,17.219006,9000
2012-05-02,20.59,20.889999,20.5,20.59,17.177294,7800
2012-05-03,20.65,20.870001,20.200001,20.32,16.952044,10000
2012-05-04,20.33,20.66,19.719999,19.719999,16.45149,9500
2012-05-07,19.77,20.389999,19.77,20.049999,16.726795,4200
2012-05-08,19.91,20.51,19.91,20.389999,17.010441,3000
2012-05-09,19.969999,20.51,19.700001,20.1,16.768509,6300
2012-05-10,20.389999,20.719999,19.99,20.27,16.910332,11000
2012-05-11,20.15,20.440001,20.0,20.440001,17.052155,5400
2012-05-14,20.200001,21.08,19.99,20.6,17.185637,12700
2012-05-15,20.68,21.290001,20.200001,20.280001,16.918674,10000
2012-05-16,20.5,21.360001,20.379999,20.42,17.035469,3100
2012-05-17,20.540001,20.540001,19.51,19.51,16.276299,5400
2012-05-18,19.6,20.48,18.709999,19.01,15.859172,11900
2012-05-21,19.25,20.32,19.15,20.129999,16.793535,16400
2012-05-22,20.16,20.559999,19.48,19.610001,16.359724,3900
2012-05-23,19.530001,20.26,19.530001,20.120001,16.785194,5100
2012-05-24,20.18,20.83,20.120001,20.66,17.235691,13400
2012-05-25,20.77,21.25,20.43,20.43,17.043812,3500
2012-05-29,20.610001,21.17,20.610001,21.120001,17.619448,2200
2012-05-30,20.780001,20.780001,20.290001,20.389999,17.010441,4700
2012-05-31,20.700001,20.700001,20.23,20.530001,17.127237,14800
2012-06-01,20.110001,20.4,19.51,19.51,16.276299,7100
2012-06-04,19.790001,20.459999,19.790001,20.26,16.901989,10800
2012-06-05,20.219999,20.700001,20.049999,20.549999,17.143923,10200
2012-06-06,20.610001,21.35,20.610001,21.35,17.811327,4200
2012-06-07,21.469999,21.790001,21.299999,21.58,18.003204,10200
2012-06-08,21.5,21.6,21.0,21.280001,17.75293,3900
2012-06-11,21.41,21.530001,20.860001,21.030001,17.544365,9700
2012-06-12,21.27,21.540001,20.790001,21.4,17.853039,6600
2012-06-13,21.24,21.549999,20.66,20.719999,17.285746,5200
2012-06-14,20.709999,21.639999,20.709999,21.639999,18.053259,6000
2012-06-15,21.49,22.18,21.49,21.9,18.270166,23900
2012-06-18,21.84,22.15,21.469999,22.059999,18.403646,6800
2012-06-19,22.02,23.43,21.57,23.43,19.546576,10300
2012-06-20,23.190001,23.190001,22.25,22.719999,18.954254,4500
2012-06-21,22.200001,22.68,21.41,21.440001,17.88641,9000
2012-06-22,21.700001,23.389999,21.5,23.280001,19.421436,87100
2012-06-25,22.9,23.0,22.52,22.709999,18.945911,5900
2012-06-26,22.77,23.1,22.66,22.870001,19.079393,7700
2012-06-27,23.0,23.110001,22.790001,23.110001,19.279613,3300
2012-06-28,22.860001,22.860001,22.299999,22.450001,18.729006,5100
2012-06-29,23.030001,23.530001,20.77,23.530001,19.630001,12800
2012-07-02,23.209999,23.59,22.1,23.559999,19.655027,12500
2012-07-03,23.5,23.879999,23.040001,23.879999,19.921988,14900
2012-07-05,23.6,23.84,23.110001,23.780001,19.838564,8500
2012-07-06,23.41,23.41,23.32,23.33,19.46315,1900
2012-07-09,23.41,23.65,23.129999,23.219999,19.37138,1800
2012-07-10,23.41,23.690001,22.559999,23.450001,19.563261,4700
2012-07-11,23.370001,23.450001,23.059999,23.120001,19.287956,5400
2012-07-12,23.02,23.889999,22.700001,23.799999,19.855247,11300
2012-07-13,23.809999,25.08,23.610001,25.08,20.923094,9500
2012-07-16,24.83,24.84,24.5,24.59,20.514309,2600
2012-07-17,24.5,24.5,23.83,24.200001,20.188951,1700
2012-07-18,24.879999,25.530001,24.879999,25.530001,21.29851,3300
2012-07-19,25.51,25.51,25.209999,25.219999,21.039888,2800
2012-07-20,24.91,24.91,22.870001,22.870001,19.079393,8300
2012-07-23,22.75,23.629999,22.6,23.049999,19.229557,7200
2012-07-24,23.15,23.15,22.790001,22.98,19.17116,3400
2012-07-25,23.33,24.59,22.93,23.65,19.73011,4100
2012-07-26,23.959999,24.07,23.639999,23.98,20.005415,4000
2012-07-27,24.02,24.879999,23.83,24.01,20.030441,10200
2012-07-30,24.0,24.799999,23.23,23.23,19.379723,2200
2012-07-31,23.709999,23.75,22.75,23.24,19.388065,3900
2012-08-01,23.15,24.049999,22.450001,22.459999,18.737347,16000
2012-08-02,22.65,23.540001,22.610001,23.190001,19.346354,6000
2012-08-03,23.709999,25.73,23.709999,25.73,21.465359,5400
2012-08-06,25.59,26.0,24.75,25.76,21.490387,4800
2012-08-07,25.309999,25.52,24.49,25.139999,20.973148,8700
2012-08-08,24.799999,24.799999,21.49,22.6,18.854143,27400
2012-08-09,22.620001,22.82,22.299999,22.82,19.03768,2600
2012-08-10,22.629999,23.33,22.629999,23.200001,19.354696,2200
2012-08-13,23.27,24.57,23.1,23.43,19.546576,10400
2012-08-14,23.25,23.25,23.0,23.129999,19.296297,700
2012-08-15,22.950001,23.75,22.950001,23.52,19.621658,5200
2012-08-16,23.48,23.549999,22.940001,23.389999,19.513205,6600
2012-08-17,23.25,23.709999,23.25,23.709999,19.780165,4800
2012-08-20,23.870001,24.209999,23.299999,23.889999,19.93033,4100
2012-08-21,23.559999,23.92,23.559999,23.59,19.680056,3400
2012-08-22,23.870001,23.940001,23.33,23.41,19.52989,700
2012-08-23,23.75,23.75,23.440001,23.440001,19.554918,1100
2012-08-24,23.370001,23.82,23.370001,23.82,19.871933,1500
2012-08-27,24.219999,24.52,24.02,24.280001,20.255692,2600
2012-08-28,26.559999,26.559999,25.059999,25.1,20.939779,3800
2012-08-29,25.190001,26.309999,24.73,26.309999,21.949226,10600
2012-08-30,26.0,26.030001,25.4,25.52,21.290167,1800
2012-08-31,25.65,27.4,25.1,25.65,21.398619,6500
2012-09-04,25.719999,25.92,24.1,25.92,21.623867,5600
2012-09-05,26.02,26.4,25.799999,26.09,21.76569,10100
2012-09-06,26.209999,27.65,26.0,27.09,22.599945,22600
2012-09-07,27.15,27.15,25.57,26.9,22.441437,8700
2012-09-10,26.690001,26.780001,26.5,26.68,22.2579,5400
2012-09-11,27.02,27.02,26.190001,26.6,22.19116,4800
2012-09-12,26.75,26.780001,26.440001,26.610001,22.199503,5800
2012-09-13,26.75,27.74,25.76,26.83,22.383039,13600
2012-09-14,26.799999,27.0,26.25,26.690001,22.266243,12900
2012-09-17,26.84,26.84,24.68,24.950001,20.814642,11800
2012-09-18,24.879999,24.879999,23.75,24.35,20.314089,8100
2012-09-19,24.42,24.42,23.780001,24.1,20.105526,8500
2012-09-20,23.84,23.84,23.0,23.059999,19.2379,11500
2012-09-21,23.629999,25.049999,23.200001,24.92,20.789614,24700
2012-09-24,24.74,26.389999,24.58,25.58,21.340221,5900
2012-09-25,25.91,28.049999,25.91,26.52,22.12442,18200
2012-09-26,26.4,27.200001,26.4,27.0,22.524862,14300
2012-09-27,27.32,28.1,27.0,27.6,23.025415,12800
2012-09-28,27.379999,28.35,26.450001,27.879999,23.259005,6300
2012-10-01,27.32,28.24,27.32,28.1,23.442541,2600
2012-10-02,28.209999,28.370001,27.700001,28.200001,23.525967,6800
2012-10-03,28.18,28.379999,27.809999,28.120001,23.459227,2300
2012-10-04,28.370001,28.469999,27.6,28.43,23.717846,5600
2012-10-05,28.49,29.35,28.33,28.620001,23.876354,12600
2012-10-08,28.0,28.4,28.0,28.120001,23.459227,1500
2012-10-09,28.08,28.08,26.99,27.049999,22.566574,4900
2012-10-10,27.309999,27.32,26.940001,27.280001,22.758453,3700
2012-10-11,27.940001,28.25,27.57,27.780001,23.175581,3300
2012-10-12,28.34,28.34,27.620001,27.620001,23.042101,3000
2012-10-15,27.75,28.57,27.75,28.35,23.651106,4500
2012-10-16,28.549999,28.889999,28.27,28.65,23.901381,2800
2012-10-17,28.639999,28.9,28.5,28.76,23.993149,10500
2012-10-18,28.629999,28.84,28.309999,28.35,23.651106,4300
2012-10-19,28.040001,28.6,26.6,27.1,22.608288,9400
2012-10-22,27.190001,27.32,26.02,26.5,22.107735,5000
2012-10-23,26.309999,26.950001,25.709999,25.790001,21.515415,2900
2012-10-24,25.950001,26.389999,25.77,25.85,21.56547,3500
2012-10-25,26.450001,27.1,25.940001,27.1,22.608288,6000
2012-10-26,27.02,27.1,26.639999,26.93,22.466465,2600
2012-10-31,28.139999,28.139999,27.309999,28.0,23.359116,4800
2012-11-01,27.99,28.4,27.51,28.4,23.692818,25900
2012-11-02,28.4,28.4,25.84,25.84,21.557127,16600
2012-11-05,25.92,26.290001,25.6,25.82,21.540442,5700
2012-11-06,26.07,26.67,25.809999,26.370001,21.999283,6900
2012-11-07,25.84,26.540001,23.799999,23.950001,19.980387,12600
2012-11-08,24.0,24.950001,23.25,23.25,19.396408,16000
2012-11-09,23.129999,23.799999,23.09,23.6,19.688398,20300
2012-11-12,23.66,24.66,23.540001,24.219999,20.205635,5800
2012-11-13,24.59,26.200001,24.26,24.92,20.789614,7400
2012-11-14,24.809999,26.99,23.370001,23.370001,19.496521,9900
2012-11-15,23.709999,23.84,23.35,23.360001,19.488178,8100
2012-11-16,23.299999,24.26,23.299999,23.73,19.79685,8900
2012-11-19,24.18,25.360001,23.959999,25.120001,20.956465,4800
2012-11-20,24.959999,24.959999,24.09,24.200001,20.188951,10000
2012-11-21,24.27,25.0,23.85,24.66,20.572706,4700
2012-11-23,24.83,25.360001,24.629999,25.360001,21.156685,3500
2012-11-26,25.16,25.16,23.65,24.35,20.314089,8700
2012-11-27,24.719999,24.719999,24.01,24.01,20.030441,7300
2012-11-28,23.91,24.58,23.77,24.58,20.505966,4400
2012-11-29,24.959999,24.98,24.799999,24.98,20.839668,2800
2012-11-30,25.17,25.950001,24.93,25.85,21.56547,12100
2012-12-03,25.24,25.85,25.0,25.74,21.473701,5300
2012-12-04,25.75,26.0,25.129999,25.41,21.198399,6000
2012-12-05,25.709999,26.200001,25.18,26.200001,21.85746,2100
2012-12-06,25.549999,26.049999,25.040001,26.049999,21.732321,800
2012-12-07,26.33,26.33,25.57,25.629999,21.381933,7000
2012-12-10,25.73,25.73,25.01,25.280001,21.089945,15600
2012-12-11,25.469999,25.469999,25.0,25.219999,21.039888,14800
2012-12-12,25.129999,25.26,24.379999,24.73,20.631105,27700
2012-12-13,24.85,25.139999,24.85,25.030001,20.881382,13900
2012-12-14,24.889999,25.370001,24.809999,25.02,20.873039,15400
2012-12-17,25.110001,26.440001,24.940001,25.67,21.415304,13000
2012-12-18,25.85,27.68,25.6,27.65,23.067127,11100
2012-12-19,27.59,27.9,27.01,27.75,23.150553,6700
2012-12-20,27.76,28.35,26.51,28.23,23.550995,9400
2012-12-21,28.09,28.4,26.610001,27.82,23.20895,43700
2012-12-24,27.780001,28.059999,26.700001,27.24,22.725082,5400
2012-12-26,26.32,27.389999,26.32,26.950001,22.48315,3800
2012-12-27,26.889999,26.99,25.98,26.6,22.19116,8500
2012-12-28,26.459999,27.09,26.309999,26.76,22.32464,8200
2012-12-31,26.620001,28.610001,26.620001,28.43,23.717846,30000
2013-01-02,29.65,29.9,28.5,29.84,24.894144,27000
2013-01-03,29.68,29.68,28.58,29.42,24.543756,11900
2013-01-04,29.5,29.5,28.83,29.290001,24.435305,5900
2013-01-07,28.959999,29.08,27.530001,27.780001,23.175581,21700
2013-01-08,27.82,27.9,26.17,26.610001,22.199503,10400
2013-01-09,26.5,26.51,24.91,25.709999,21.448673,9400
2013-01-10,25.99,25.99,24.6,25.219999,21.039888,14800
2013-01-11,25.07,25.48,25.0,25.16,20.989834,11300
2013-01-14,25.17,25.559999,25.17,25.549999,21.315193,6300
2013-01-15,25.549999,25.799999,25.459999,25.58,21.340221,8500
2013-01-16,25.4,25.870001,25.09,25.190001,21.014862,9500
2013-01-17,25.4,25.59,25.1,25.280001,21.089945,6400
2013-01-18,25.25,25.57,25.049999,25.129999,20.964806,9000
2013-01-22,25.23,25.23,24.469999,24.98,20.839668,22700
2013-01-23,25.0,25.299999,24.75,24.809999,20.697845,30000
2013-01-24,25.0,25.620001,25.0,25.51,21.281824,2700
2013-01-25,25.76,25.790001,25.030001,25.049999,20.898066,16300
2013-01-28,25.27,25.9,24.73,25.83,21.548784,10900
2013-01-29,25.73,26.1,24.91,25.92,21.623867,10200
2013-01-30,25.790001,26.139999,25.280001,25.5,21.273481,14800
2013-01-31,25.68,26.49,25.41,25.77,21.49873,3200
2013-02-01,26.209999,26.209999,25.33,25.92,21.623867,7400
2013-02-04,25.52,26.129999,25.52,25.959999,21.657236,6600
2013-02-05,26.57,27.200001,25.92,26.85,22.399725,2800
2013-02-06,26.73,26.73,25.360001,26.0,21.690607,11600
2013-02-07,26.049999,26.49,25.120001,26.459999,22.074364,22100
2013-02-08,26.68,27.719999,26.559999,27.4,22.858562,6600
2013-02-11,27.5,27.5,27.01,27.18,22.675028,4000
2013-02-12,27.309999,27.48,27.0,27.370001,22.833536,4200
2013-02-13,27.5,27.5,27.17,27.17,22.666685,1500
2013-02-14,27.0,27.35,27.0,27.35,22.816851,2800
2013-02-15,27.440001,27.5,27.120001,27.34,22.808508,6300
2013-02-19,27.5,27.5,27.25,27.49,22.933647,2700
2013-02-20,27.309999,27.309999,26.790001,26.879999,22.424751,18900
2013-02-21,26.74,27.32,26.280001,27.32,22.791822,3400
2013-02-22,27.459999,27.459999,26.66,27.440001,22.891933,3300
2013-02-25,27.6,27.639999,26.52,26.889999,22.433094,10400
2013-02-26,26.719999,27.450001,26.719999,27.24,22.725082,3600
2013-02-27,27.41,27.41,26.950001,27.1,22.608288,8600
2013-02-28,27.059999,27.25,26.809999,27.18,22.675028,7400
2013-03-01,26.780001,27.4,26.719999,27.26,22.741768,7000
2013-03-04,27.18,27.549999,27.120001,27.139999,22.641657,14200
2013-03-05,27.379999,27.450001,26.82,27.120001,22.624973,8400
2013-03-06,27.18,27.299999,26.959999,27.18,22.675028,7200
2013-03-07,27.129999,27.33,27.01,27.32,22.791822,3800
2013-03-08,27.629999,27.629999,27.02,27.02,22.541548,3600
2013-03-11,26.969999,27.290001,26.969999,27.290001,22.766796,3700
2013-03-12,26.92,27.08,26.65,26.92,22.458122,16900
2013-03-13,26.99,27.24,26.9,27.24,22.725082,34300
2013-03-14,27.389999,27.450001,26.01,27.450001,22.900276,5700
2013-03-15,27.43,27.450001,26.959999,27.370001,22.833536,19700
2013-03-18,27.08,27.4,27.08,27.209999,22.700054,4700
2013-03-19,27.190001,27.370001,26.98,27.08,22.591602,4300
2013-03-20,27.1,27.91,27.1,27.91,23.284033,8200
2013-03-21,27.52,27.700001,27.32,27.43,22.883591,7300
2013-03-22,27.48,28.809999,27.48,27.690001,23.100498,3400
2013-03-25,27.959999,28.08,27.4,28.01,23.367458,6500
2013-03-26,28.18,28.780001,28.15,28.74,23.976463,7000
2013-03-27,28.459999,29.09,27.59,28.120001,23.459227,6000
2013-03-28,28.18,30.0,27.82,27.82,23.20895,5100
2013-04-01,27.33,27.700001,26.610001,26.959999,22.491491,13800
2013-04-02,27.17,27.17,26.75,26.799999,22.358011,3300
2013-04-03,27.0,27.08,26.77,26.799999,22.358011,4600
2013-04-04,26.98,27.049999,26.9,27.049999,22.566574,1800
2013-04-05,26.67,27.1,26.67,27.0,22.524862,5600
2013-04-08,27.139999,27.17,26.67,27.17,22.666685,3900
2013-04-09,27.139999,27.139999,26.620001,26.76,22.32464,13800
2013-04-10,26.719999,27.4,26.719999,27.18,22.675028,5900
2013-04-11,27.450001,27.450001,27.1,27.24,22.725082,2800
2013-04-12,27.129999,27.459999,26.870001,27.110001,22.616631,3200
2013-04-15,26.959999,27.049999,26.530001,26.559999,22.157789,14300
2013-04-16,26.889999,27.25,26.879999,27.139999,22.641657,4200
2013-04-17,26.950001,29.690001,26.83,27.200001,22.691713,16700
2013-04-18,27.370001,27.59,27.09,27.09,22.599945,8200
2013-04-19,27.129999,27.450001,27.08,27.389999,22.85022,6200
2013-04-22,27.43,27.59,26.780001,27.120001,22.624973,5400
2013-04-23,27.35,27.6,27.24,27.58,23.00873,3700
2013-04-24,27.52,27.52,27.23,27.459999,22.908619,5400
2013-04-25,27.540001,28.42,27.540001,28.1,23.442541,7000
2013-04-26,27.99,28.209999,27.68,28.049999,23.400827,10800
2013-04-29,27.98,28.57,27.82,28.559999,23.826298,3200
2013-04-30,28.690001,29.040001,27.33,28.950001,24.151659,7700
2013-05-01,28.9,28.9,26.299999,26.690001,22.266243,20300
2013-05-02,26.790001,27.85,26.790001,27.49,22.933647,5400
2013-05-03,27.9,28.93,27.9,28.889999,24.101603,5200
2013-05-06,28.799999,28.969999,28.280001,28.5,23.776243,11600
2013-05-07,28.639999,28.83,28.299999,28.6,23.859669,7200
2013-05-08,28.440001,28.76,28.440001,28.76,23.993149,1600
2013-05-09,28.610001,28.9,28.33,28.610001,23.868011,10400
2013-05-10,28.549999,28.75,27.6,28.700001,23.943094,2600
2013-05-13,28.42,28.959999,28.42,28.51,23.784586,5200
2013-05-14,28.389999,29.0,28.389999,28.950001,24.151659,4700
2013-05-15,28.73,28.969999,28.629999,28.889999,24.101603,2200
2013-05-16,28.969999,29.030001,28.709999,28.799999,24.026518,2300
2013-05-17,28.959999,29.25,28.84,29.049999,24.235083,14900
2013-05-20,28.68,29.469999,28.68,29.469999,24.585468,5500
2013-05-21,29.459999,29.57,29.049999,29.4,24.527071,6100
2013-05-22,29.35,29.52,29.01,29.040001,24.226742,4200
2013-05-23,28.51,29.27,28.51,29.110001,24.285139,3900
2013-05-24,29.01,29.620001,28.6,29.34,24.477016,2600
2013-05-28,29.82,30.379999,29.42,29.91,24.952541,13900
2013-05-29,29.299999,29.65,28.91,29.040001,24.226742,7000
2013-05-30,29.110001,29.24,28.51,29.24,24.393591,4100
2013-05-31,28.940001,29.57,28.790001,28.98,24.176685,3000
2013-06-03,29.02,30.299999,28.6,29.940001,24.97757,21300
2013-06-04,29.870001,30.18,29.549999,30.01,25.035967,9100
2013-06-05,29.790001,29.860001,29.110001,29.15,24.318508,4700
2013-06-06,29.219999,29.450001,29.030001,29.18,24.343536,5500
2013-06-07,29.48,29.57,28.709999,29.57,24.668896,5000
2013-06-10,29.51,29.700001,29.35,29.65,24.735636,1500
2013-06-11,29.23,29.940001,29.23,29.6,24.693924,2300
2013-06-12,29.870001,29.870001,29.370001,29.370001,24.502045,4100
2013-06-13,29.6,30.01,29.290001,30.01,25.035967,2700
2013-06-14,29.77,29.9,29.360001,29.43,24.552099,5400
2013-06-17,29.790001,29.98,29.51,29.799999,24.860773,7300
2013-06-18,29.790001,30.49,29.299999,30.440001,25.394697,8100
2013-06-19,30.02,30.27,29.52,29.52,24.627182,14400
2013-06-20,29.16,29.450001,28.959999,29.200001,24.360222,7500
2013-06-21,29.379999,29.780001,29.280001,29.780001,24.84409,20700
2013-06-24,29.41,29.639999,29.16,29.49,24.602154,6000
2013-06-25,29.809999,29.99,29.43,29.870001,24.919172,11800
2013-06-26,30.0,30.48,29.5,29.629999,24.71895,18500
2013-06-27,29.860001,30.139999,29.719999,30.07,25.086021,12500
2013-06-28,29.91,30.290001,29.540001,30.040001,25.060995,53900
2013-07-01,30.18,30.23,29.91,30.040001,25.060995,15300
2013-07-02,30.42,30.43,29.549999,30.35,25.319614,11100
2013-07-03,30.0,30.290001,29.85,30.17,25.169447,6800
2013-07-05,30.5,30.5,29.93,30.200001,25.194475,15700
2013-07-08,30.25,30.49,29.809999,30.49,25.436409,7700
2013-07-09,30.5,30.98,30.33,30.98,25.845194,11800
2013-07-10,30.93,32.279999,30.85,32.099998,26.779556,10600
2013-07-11,32.5,34.509998,32.43,34.509998,28.79011,10200
2013-07-12,34.509998,35.139999,34.049999,35.009998,29.207235,8300
2013-07-15,34.900002,36.400002,34.900002,35.91,29.958067,10300
2013-07-16,35.849998,36.279999,35.439999,36.189999,30.191656,5500
2013-07-17,36.419998,36.419998,34.709999,34.84,29.065414,13100
2013-07-18,35.110001,35.77,34.799999,35.540001,29.649393,10800
2013-07-19,35.470001,36.07,35.290001,35.790001,29.857956,17600
2013-07-22,35.639999,36.099998,35.419998,35.830002,29.891327,15600
2013-07-23,35.610001,35.970001,35.57,35.849998,29.90801,8900
2013-07-24,36.349998,36.439999,35.400002,35.490002,29.607681,13300
2013-07-25,34.950001,35.77,34.950001,35.77,29.84127,11800
2013-07-26,35.41,35.560001,34.169998,34.959999,29.165524,11100
2013-07-29,34.75,37.009998,34.119999,34.73,28.973646,8700
2013-07-30,34.849998,34.849998,33.799999,33.84,28.231161,5100
2013-07-31,33.889999,34.91,33.41,34.450001,28.740055,17600
2013-08-01,34.43,35.0,34.099998,34.580002,28.848511,6700
2013-08-02,34.32,34.32,33.259998,33.59,28.022596,4600
2013-08-05,33.52,33.52,32.830002,33.080002,27.597128,6700
2013-08-06,32.82,32.82,31.879999,32.099998,26.779556,4100
2013-08-07,32.380001,32.73,32.110001,32.110001,26.787901,2900
2013-08-08,32.400002,32.400002,31.0,31.190001,26.020388,5400
2013-08-09,31.18,31.690001,31.15,31.25,26.070442,3300
2013-08-12,31.23,31.299999,30.67,31.18,26.012045,2300
2013-08-13,31.01,31.4,31.01,31.370001,26.170553,2000
2013-08-14,31.360001,31.379999,31.1,31.1,25.945305,4600
2013-08-15,30.82,31.200001,29.93,30.120001,25.127735,7800
2013-08-16,29.93,30.370001,29.82,30.0,25.027624,14900
2013-08-19,29.959999,30.4,29.17,30.09,25.102707,9600
2013-08-20,30.15,30.77,29.940001,30.43,25.386354,6800
2013-08-21,30.32,30.860001,30.17,30.48,25.428066,3300
2013-08-22,30.6,32.099998,30.6,31.65,26.404144,3400
2013-08-23,31.58,34.779999,30.530001,33.650002,28.072653,6000
2013-08-26,33.849998,34.0,33.32,33.48,27.930828,2000
2013-08-27,33.0,33.630001,31.639999,32.029999,26.721159,6700
2013-08-28,32.189999,32.400002,31.700001,31.84,26.562653,5900
2013-08-29,31.5,32.259998,31.5,32.259998,26.913038,3300
2013-08-30,32.099998,32.099998,30.700001,31.02,25.878565,7600
2013-09-03,31.42,31.84,31.059999,31.290001,26.103813,7400
2013-09-04,31.24,31.5,31.01,31.08,25.928619,7000
2013-09-05,31.120001,31.690001,31.0,31.190001,26.020388,4000
2013-09-06,31.27,31.27,30.57,30.93,25.80348,3700
2013-09-09,30.91,31.959999,30.91,31.83,26.55431,2600
2013-09-10,32.09,32.450001,31.98,32.169998,26.837954,5500
2013-09-11,31.799999,32.5,31.799999,31.940001,26.646078,9400
2013-09-12,31.940001,32.099998,31.629999,31.75,26.48757,9000
2013-09-13,31.940001,32.869999,31.5,31.889999,26.604364,3600
2013-09-16,32.310001,32.900002,32.099998,32.580002,27.180002,5300
2013-09-17,32.59,33.23,32.220001,32.959999,27.497015,7000
2013-09-18,33.490002,33.700001,32.689999,33.310001,27.789007,8900
2013-09-19,33.41,33.790001,32.790001,33.169998,27.672209,1700
2013-09-20,33.299999,34.5,33.299999,34.470001,28.756741,15100
2013-09-23,34.599998,35.09,34.0,34.990002,29.190554,8100
2013-09-24,35.02,35.669998,34.02,34.959999,29.165524,8000
2013-09-25,34.240002,35.349998,34.240002,34.700001,28.94862,3900
2013-09-26,34.779999,35.73,34.5,34.509998,28.79011,6200
2013-09-27,34.279999,34.599998,33.779999,33.779999,28.181105,3600
2013-09-30,33.299999,34.0,33.18,33.830002,28.222818,13900
2013-10-01,33.610001,34.330002,33.610001,34.240002,28.564863,12700
2013-10-02,33.849998,34.540001,33.560001,33.84,28.231161,8700
2013-10-03,33.669998,34.389999,33.529999,33.75,28.156078,15000
2013-10-04,33.66,34.490002,33.66,33.919998,28.297899,3800
2013-10-07,33.669998,34.330002,33.599998,33.82,28.214476,7300
2013-10-08,33.540001,33.860001,33.25,33.560001,27.99757,10700
2013-10-09,33.779999,34.130001,33.360001,33.880001,28.264532,11600
2013-10-10,34.41,35.0,34.209999,35.0,29.198895,8000
2013-10-11,34.950001,37.0,34.950001,37.0,30.867403,6800
2013-10-14,36.650002,38.23,36.650002,38.23,31.893536,9500
2013-10-15,38.299999,39.099998,38.0,38.610001,32.210552,12700
2013-10-16,38.77,40.0,38.77,39.57,33.011436,13400
2013-10-17,39.5,40.349998,38.709999,38.860001,32.419117,14100
2013-10-18,39.279999,39.75,38.709999,39.529999,32.978065,17700
2013-10-21,39.5,40.0,38.970001,39.59,33.028122,5700
2013-10-22,39.990002,40.09,39.400002,39.560001,33.003094,13200
2013-10-23,39.490002,39.869999,38.720001,39.009998,32.544254,10700
2013-10-24,39.299999,39.299999,38.5,38.93,32.477512,8900
2013-10-25,38.900002,39.0,38.18,38.509998,32.127125,8500
2013-10-28,38.41,38.799999,37.919998,38.34,31.985304,7600
2013-10-29,38.349998,38.599998,37.099998,37.450001,31.242819,19200
2013-10-30,36.799999,37.709999,36.799999,37.07,30.9258,10100
2013-10-31,37.200001,37.639999,35.580002,36.970001,30.842377,14900
2013-11-01,36.869999,37.299999,34.41,34.869999,29.090441,20000
2013-11-04,35.18,35.279999,34.540001,34.650002,28.906908,8600
2013-11-05,35.34,35.34,34.209999,34.830002,29.057074,1100
2013-11-06,34.959999,35.68,34.639999,35.299999,29.449171,7000
2013-11-07,35.380001,35.599998,35.0,35.380001,29.515913,6100
2013-11-08,35.349998,36.459999,35.349998,36.34,30.316795,8400
2013-11-11,36.169998,36.799999,36.169998,36.439999,30.400221,6600
2013-11-12,36.389999,40.099998,36.0,36.130001,30.141603,11600
2013-11-13,36.549999,36.810001,35.700001,36.799999,30.700552,12500
2013-11-14,36.639999,37.630001,36.27,36.330002,30.308455,8200
2013-11-15,36.27,37.700001,36.27,37.099998,30.950827,11500
2013-11-18,37.369999,37.369999,36.419998,36.619999,30.550386,13900
2013-11-19,36.73,37.169998,36.700001,37.029999,30.892429,1900
2013-11-20,37.200001,37.75,36.779999,37.169998,31.009226,14100
2013-11-21,37.25,38.0,37.099998,38.0,31.701658,14200
2013-11-22,38.0,40.830002,37.650002,40.610001,33.879063,10400
2013-11-25,40.380001,41.59,39.759998,40.110001,33.461933,17200
2013-11-26,40.630001,41.200001,39.0,40.009998,33.378506,13000
2013-11-27,40.040001,41.400002,39.77,41.279999,34.438011,11800
2013-11-29,41.610001,42.880001,41.0,42.759998,35.672707,5100
2013-12-02,42.459999,42.799999,41.279999,41.34,34.488068,13300
2013-12-03,41.799999,41.799999,40.900002,41.029999,34.229446,5800
2013-12-04,41.790001,41.790001,40.91,41.389999,34.529778,4700
2013-12-05,41.790001,41.790001,40.099998,40.84,34.070938,7700
2013-12-06,41.130001,41.790001,40.259998,40.470001,33.762268,9100
2013-12-09,40.900002,40.900002,40.259998,40.5,33.787292,13300
2013-12-10,40.25,40.799999,39.610001,40.040001,33.403538,16100
2013-12-11,40.400002,40.689999,36.25,36.740002,30.650499,22500
2013-12-12,36.66,36.709999,35.049999,36.459999,30.416904,21800
2013-12-13,36.610001,36.669998,36.0,36.669998,30.592098,10100
2013-12-16,36.669998,37.5,36.599998,37.43,31.226133,19400
2013-12-17,37.389999,37.389999,36.299999,36.669998,30.592098,13300
2013-12-18,36.669998,36.900002,35.5,36.900002,30.783979,17300
2013-12-19,36.740002,37.0,36.060001,36.689999,30.608784,6600
2013-12-20,36.860001,39.880001,36.860001,38.93,32.477512,33100
2013-12-23,39.0,40.450001,38.5,40.439999,33.737236,8500
2013-12-24,40.439999,41.220001,40.400002,40.73,33.979172,6900
2013-12-26,40.82,41.529999,40.52,41.200001,34.371273,10400
2013-12-27,41.380001,41.41,40.209999,41.029999,34.229446,15300
2013-12-30,40.900002,41.419998,40.799999,41.119999,34.304531,5100
2013-12-31,41.34,41.700001,41.049999,41.509998,34.629887,8600
2014-01-02,41.32,41.330002,40.5,40.610001,33.879063,12100
2014-01-03,40.889999,41.5,40.41,40.799999,34.037567,25700
2014-01-06,40.900002,41.0,39.849998,40.299999,33.620441,10700
2014-01-07,40.5,41.18,40.490002,40.869999,34.095966,6300
2014-01-08,40.860001,41.16,39.779999,40.27,33.595413,11000
2014-01-09,40.43,40.5,39.599998,39.650002,33.078178,4600
2014-01-10,39.689999,40.0,38.73,39.299999,32.786186,9600
2014-01-13,39.310001,39.310001,36.759998,37.459999,31.25116,13300
2014-01-14,37.689999,38.75,37.509998,38.73,32.310661,13100
2014-01-15,38.669998,40.779999,38.669998,40.490002,33.778954,11800
2014-01-16,40.209999,40.209999,38.889999,39.349998,32.8279,5200
2014-01-17,39.18,39.18,38.09,39.0,32.535912,6700
2014-01-21,39.259998,39.32,38.549999,39.169998,32.677734,8600
2014-01-22,38.950001,40.18,38.580002,40.18,33.520332,16200
2014-01-23,39.810001,40.389999,39.490002,39.950001,33.328453,14000
2014-01-24,39.849998,39.939999,39.0,39.09,32.610996,10200
2014-01-27,39.389999,39.720001,38.700001,38.799999,32.369061,10400
2014-01-28,38.720001,38.799999,35.900002,36.73,30.642155,35700
2014-01-29,36.27,37.889999,35.599998,36.360001,30.333481,15700
2014-01-30,37.439999,37.720001,36.34,36.880001,30.767294,26500
2014-01-31,36.080002,37.900002,35.75,36.48,30.43359,26700
2014-02-03,36.400002,36.700001,35.380001,36.400002,30.366852,19700
2014-02-04,36.0,37.77,36.0,36.310001,30.291769,11800
2014-02-05,36.0,37.549999,35.48,35.790001,29.857956,25800
2014-02-06,36.07,37.07,35.299999,36.09,30.108232,24800
2014-02-07,36.09,36.900002,35.990002,36.810001,30.708897,35200
2014-02-10,36.59,37.18,35.529999,35.889999,29.941381,10100
2014-02-11,35.900002,36.200001,35.860001,35.889999,29.941381,5700
2014-02-12,35.77,35.810001,34.610001,35.23,29.390774,13800
2014-02-13,34.790001,35.740002,34.790001,35.139999,29.315691,16100
2014-02-14,35.150002,35.52,35.09,35.5,29.616022,4500
2014-02-18,35.5,35.830002,34.900002,35.830002,29.891327,12200
2014-02-19,35.799999,36.630001,35.310001,35.73,29.807899,15500
2014-02-20,36.389999,36.389999,35.73,35.860001,29.916353,3000
2014-02-21,36.110001,36.77,34.759998,35.27,29.424145,42800
2014-02-24,35.16,35.75,32.619999,35.349998,29.490883,17000
2014-02-25,35.900002,36.080002,35.68,35.68,29.766188,4600
2014-02-26,34.439999,35.970001,34.439999,35.330002,29.474201,3600
2014-02-27,35.189999,36.029999,34.75,35.48,29.599337,8900
2014-02-28,35.560001,35.709999,35.25,35.650002,29.741161,6200
2014-03-03,35.130001,35.439999,34.450001,35.299999,29.449171,5000
2014-03-04,35.919998,37.91,35.459999,37.470001,31.259504,23700
2014-03-05,37.529999,38.27,36.990002,37.75,31.493093,10100
2014-03-06,37.75,38.360001,36.650002,37.990002,31.693316,5000
2014-03-07,38.310001,38.310001,37.580002,37.580002,31.351273,2600
2014-03-10,37.950001,38.0,36.830002,38.0,31.701658,4400
2014-03-11,37.950001,37.950001,36.150002,36.540001,30.483646,11400
2014-03-12,36.220001,37.040001,36.220001,36.939999,30.817347,5900
2014-03-13,37.16,37.16,36.310001,36.490002,30.441935,5800
2014-03-14,36.509998,37.09,35.93,35.93,29.974752,7700
2014-03-17,36.349998,37.200001,36.0,36.48,30.43359,14800
2014-03-18,36.580002,37.0,36.290001,36.98,30.850718,9700
2014-03-19,37.110001,37.110001,35.419998,36.220001,30.216686,6700
2014-03-20,36.299999,37.119999,36.299999,36.52,30.466961,2800
2014-03-21,36.82,36.830002,35.810001,36.66,30.583757,14800
2014-03-24,36.77,36.77,35.900002,36.330002,30.308455,7400
2014-03-25,36.0,36.759998,36.0,36.189999,30.191656,4800
2014-03-26,36.619999,36.790001,35.490002,35.490002,29.607681,11300
2014-03-27,35.75,36.119999,35.400002,35.400002,29.532598,17500
2014-03-28,35.75,36.369999,35.07,35.240002,29.399118,7700
2014-03-31,35.779999,36.130001,35.549999,36.049999,30.074862,9800
2014-04-01,36.34,37.040001,36.330002,36.790001,30.692211,6700
2014-04-02,37.139999,37.529999,36.98,37.299999,31.11768,2300
2014-04-03,37.27,37.52,36.220001,36.630001,30.558731,4400
2014-04-04,37.02,37.330002,36.25,36.259998,30.250053,9500
2014-04-07,36.98,36.98,35.02,35.700001,29.782873,11800
2014-04-08,35.849998,36.549999,35.779999,36.209999,30.208342,10100
2014-04-09,36.470001,36.68,35.23,36.279999,30.266739,10600
2014-04-10,36.389999,36.389999,35.400002,35.599998,29.699446,10300
2014-04-11,35.450001,35.75,34.700001,35.150002,29.324034,10900
2014-04-14,35.41,35.900002,34.66,35.599998,29.699446,10100
2014-04-15,35.5,35.700001,34.290001,35.200001,29.365747,7600
2014-04-16,35.360001,36.32,35.060001,35.93,29.974752,6500
2014-04-17,35.689999,36.950001,35.049999,36.720001,30.633814,16700
2014-04-21,36.599998,37.540001,36.240002,36.66,30.583757,8100
2014-04-22,36.869999,37.549999,36.759998,37.290001,31.109339,7400
2014-04-23,37.400002,37.400002,36.610001,36.75,30.65884,16600
2014-04-24,36.880001,36.990002,36.0,36.139999,30.149944,4000
2014-04-25,35.810001,36.259998,35.200001,35.400002,29.532598,16800
2014-04-28,35.540001,36.07,34.470001,35.709999,29.791214,10700
2014-04-29,35.779999,36.099998,32.509998,35.439999,29.565966,11900
2014-04-30,35.400002,35.400002,33.990002,34.880001,29.098785,17300
2014-05-01,34.77,35.040001,33.880001,34.150002,28.48978,19400
2014-05-02,34.119999,34.84,33.849998,34.16,28.498121,9000
2014-05-05,34.369999,34.369999,33.5,33.529999,27.97254,13400
2014-05-06,34.240002,34.240002,32.580002,32.959999,27.497015,14100
2014-05-07,33.709999,35.549999,32.66,33.259998,27.747292,19700
2014-05-08,33.349998,34.68,32.630001,32.77,27.338509,19300
2014-05-09,32.599998,33.799999,32.389999,33.279999,27.763977,18100
2014-05-12,33.84,35.0,33.099998,34.439999,28.731712,15800
2014-05-13,34.5,35.720001,34.380001,35.0,29.198895,32300
2014-05-14,35.0,35.0,33.369999,33.369999,27.83906,15800
2014-05-15,33.349998,33.529999,30.379999,31.35,26.153868,26500
2014-05-16,31.34,31.4,30.370001,31.200001,26.02873,16000
2014-05-19,30.5,32.130001,30.5,32.130001,26.804586,14700
2014-05-20,31.879999,31.9,30.200001,31.26,26.078785,20300
2014-05-21,31.57,32.799999,31.5,32.119999,26.796242,13400
2014-05-22,32.299999,33.59,32.299999,33.110001,27.622156,10700
2014-05-23,33.23,34.389999,33.23,34.389999,28.689999,6400
2014-05-27,34.599998,35.150002,34.040001,34.279999,28.59823,12800
2014-05-28,34.110001,34.549999,33.84,34.220001,28.548178,12000
2014-05-29,34.619999,34.630001,34.009998,34.099998,28.448065,3600
2014-05-30,34.25,34.299999,33.529999,33.970001,28.339615,9100
2014-06-02,33.889999,33.889999,32.119999,32.610001,27.205029,10500
2014-06-03,32.75,32.75,31.58,31.940001,26.646078,9500
2014-06-04,31.889999,32.389999,31.5,31.860001,26.579338,7900
2014-06-05,32.52,33.779999,31.639999,33.740002,28.147736,12700
2014-06-06,34.02,34.709999,33.970001,34.509998,28.79011,5100
2014-06-09,34.66,34.77,33.419998,34.630001,28.890223,19400
2014-06-10,34.150002,34.84,34.150002,34.380001,28.681658,3700
2014-06-11,34.200001,34.41,33.23,33.5,27.947514,4600
2014-06-12,34.700001,34.700001,33.02,33.5,27.947514,9200
2014-06-13,33.580002,33.98,32.830002,33.200001,27.697239,3400
2014-06-16,33.139999,33.470001,32.150002,32.700001,27.280111,5500
2014-06-17,32.599998,33.470001,32.549999,33.279999,27.763977,10400
2014-06-18,33.98,33.98,32.630001,33.099998,27.613811,8200
2014-06-19,32.919998,33.48,32.919998,33.240002,27.73061,9100
2014-06-20,33.450001,33.990002,33.0,33.5,27.947514,28400
2014-06-23,33.43,33.43,31.200001,33.009998,27.538729,3800
2014-06-24,33.009998,33.57,32.860001,32.860001,27.413591,14200
2014-06-25,32.689999,33.459999,32.02,33.169998,27.672209,6700
2014-06-26,33.689999,33.689999,32.82,33.34,27.814034,12100
2014-06-27,33.110001,34.709999,33.049999,34.349998,28.65663,31300
2014-06-30,34.07,35.049999,34.07,34.970001,29.173868,7600
2014-07-01,34.610001,35.970001,34.0,35.599998,29.699446,21100
2014-07-02,35.490002,36.349998,35.32,35.919998,29.966408,9500
2014-07-03,35.990002,36.139999,35.080002,35.400002,29.532598,9200
2014-07-07,35.419998,35.98,34.34,35.650002,29.741161,10700
2014-07-08,36.209999,36.209999,34.400002,35.049999,29.240606,17200
2014-07-09,34.32,35.709999,34.32,35.57,29.674419,2400
2014-07-10,34.919998,35.330002,34.240002,34.91,29.123812,12100
2014-07-11,34.779999,35.200001,34.169998,34.400002,28.698343,5700
2014-07-14,34.959999,35.32,34.5,35.040001,29.232265,10800
2014-07-15,35.549999,35.93,34.619999,35.07,29.257292,15300
2014-07-16,35.02,35.599998,34.889999,35.189999,29.357403,5400
2014-07-17,34.889999,35.66,33.349998,33.43,27.889116,15500
2014-07-18,33.34,35.310001,33.34,34.759998,28.998672,16400
2014-07-21,34.610001,34.610001,33.93,33.959999,28.33127,3100
2014-07-22,34.169998,34.66,33.720001,34.290001,28.606575,5900
2014-07-23,34.290001,34.419998,34.16,34.349998,28.65663,3900
2014-07-24,34.209999,34.459999,33.75,34.0,28.364641,7000
2014-07-25,33.619999,33.880001,33.619999,33.759998,28.164419,10900
2014-07-28,33.77,34.220001,33.459999,33.869999,28.256187,4900
2014-07-29,33.869999,34.18,33.560001,33.560001,27.99757,8800
2014-07-30,33.98,34.450001,33.619999,34.299999,28.614916,17400
2014-07-31,33.830002,33.830002,33.009998,33.259998,27.747292,11300
2014-08-01,33.34,33.610001,33.009998,33.259998,27.747292,9100
2014-08-04,33.470001,35.470001,33.209999,34.790001,29.023703,14900
2014-08-05,33.700001,35.34,33.259998,33.700001,28.114365,10300
2014-08-06,34.009998,34.869999,33.299999,34.599998,28.865192,7900
2014-08-07,34.5,34.720001,33.5,34.299999,28.614916,6800
2014-08-08,34.27,35.400002,34.27,35.27,29.424145,5200
2014-08-11,35.759998,35.900002,34.799999,35.740002,29.816244,18300
2014-08-12,35.369999,36.82,34.34,36.080002,30.099892,14300
2014-08-13,36.619999,36.689999,35.990002,36.59,30.52536,7700
2014-08-14,36.48,37.0,36.0,36.779999,30.683867,7200
2014-08-15,36.880001,36.880001,35.700001,36.32,30.30011,12400
2014-08-18,36.73,36.73,36.299999,36.599998,30.533701,6600
2014-08-19,36.189999,36.740002,36.169998,36.560001,30.500332,6900
2014-08-20,36.610001,36.900002,36.209999,36.650002,30.575417,6900
2014-08-21,36.75,36.900002,36.509998,36.84,30.733923,8300
2014-08-22,36.650002,36.900002,35.990002,36.689999,30.608784,9500
2014-08-25,36.779999,38.459999,36.779999,36.919998,30.800661,4900
2014-08-26,37.080002,37.700001,36.0,36.0,30.03315,16200
2014-08-27,35.75,37.029999,35.639999,36.0,30.03315,20400
2014-08-28,35.810001,36.16,35.009998,35.389999,29.524254,5200
2014-08-29,35.610001,36.07,34.029999,34.689999,28.940275,19400
2014-09-02,34.84,36.900002,34.700001,36.0,30.03315,22800
2014-09-03,36.16,36.259998,34.849998,35.259998,29.4158,13200
2014-09-04,35.759998,35.799999,35.040001,35.189999,29.357403,5800
2014-09-05,35.139999,35.779999,35.119999,35.549999,29.657734,10800
2014-09-08,35.310001,35.59,35.02,35.529999,29.641048,3700
2014-09-09,35.580002,35.919998,34.73,35.32,29.465857,17200
2014-09-10,34.5,36.0,34.5,35.689999,29.774529,16400
2014-09-11,35.299999,35.82,35.110001,35.700001,29.782873,22300
2014-09-12,35.209999,35.580002,34.82,34.82,29.048729,10000
2014-09-15,36.18,36.25,34.52,35.560001,29.666079,16200
2014-09-16,36.259998,36.630001,35.139999,35.630001,29.724476,28800
2014-09-17,35.75,35.959999,34.509998,35.049999,29.240606,9800
2014-09-18,35.330002,36.18,35.189999,35.220001,29.382433,6400
2014-09-19,35.439999,36.349998,34.91,35.73,29.807899,28900
2014-09-22,35.360001,35.509998,34.529999,34.630001,28.890223,11700
2014-09-23,34.5,35.389999,33.349998,33.599998,28.030937,11200
2014-09-24,33.610001,34.619999,33.610001,34.419998,28.715027,5400
2014-09-25,34.209999,34.310001,33.700001,33.73,28.139393,11100
2014-09-26,33.77,34.259998,33.75,33.98,28.347956,9600
2014-09-29,33.470001,34.59,33.470001,34.080002,28.431383,17200
2014-09-30,33.529999,34.240002,33.529999,33.919998,28.297899,18500
2014-10-01,33.790001,34.439999,33.060001,33.75,28.156078,18000
2014-10-02,34.740002,34.799999,33.75,33.98,28.347956,6600
2014-10-03,34.349998,34.349998,33.57,34.330002,28.639946,6700
2014-10-06,34.34,35.25,33.950001,34.91,29.123812,10500
2014-10-07,35.400002,35.400002,34.07,34.529999,28.806795,16500
2014-10-08,33.580002,36.080002,33.580002,35.619999,29.716131,13400
2014-10-09,35.48,36.32,34.02,34.040001,28.398012,36200
2014-10-10,33.919998,35.009998,33.919998,34.209999,28.539833,20800
2014-10-13,34.450001,34.880001,33.799999,34.419998,28.715027,9500
2014-10-14,34.66,35.880001,34.66,35.34,29.482542,19400
2014-10-15,34.57,36.110001,34.299999,35.849998,29.90801,15900
2014-10-16,35.169998,38.139999,35.169998,37.810001,31.54315,10800
2014-10-17,38.360001,38.360001,36.189999,37.220001,31.05094,20200
2014-10-20,37.169998,38.16,36.060001,36.889999,30.775635,30600
2014-10-21,36.93,39.040001,36.599998,37.709999,31.459723,20700
2014-10-22,37.07,38.009998,37.07,37.740002,31.484753,9300
2014-10-23,38.32,39.98,37.950001,38.25,31.910221,11800
2014-10-24,38.369999,38.369999,37.650002,37.98,31.684973,23400
2014-10-27,37.889999,38.209999,37.450001,37.759998,31.501434,2900
2014-10-28,38.150002,39.360001,36.099998,38.75,32.327347,25700
2014-10-29,38.889999,39.490002,38.23,38.91,32.460827,11700
2014-10-30,38.950001,41.700001,38.049999,41.66,34.755028,22700
2014-10-31,42.07,42.549999,40.720001,42.360001,35.339005,22600
2014-11-03,42.009998,42.009998,41.02,41.439999,34.571491,10600
2014-11-04,41.450001,42.130001,40.380001,41.450001,34.579834,15400
2014-11-05,41.959999,42.279999,40.529999,40.790001,34.029228,13000
2014-11-06,40.740002,40.990002,39.0,40.799999,34.037567,11500
2014-11-07,40.630001,40.630001,39.610001,40.040001,33.403538,6800
2014-11-10,40.040001,40.740002,38.889999,40.73,33.979172,15800
2014-11-11,40.459999,40.66,38.869999,39.889999,33.278397,14100
2014-11-12,39.209999,39.91,39.150002,39.720001,33.136574,24500
2014-11-13,39.529999,39.529999,38.900002,39.25,32.744476,11400
2014-11-14,39.060001,39.82,38.98,39.400002,32.869614,9700
2014-11-17,38.93,39.869999,38.900002,38.91,32.460827,9700
2014-11-18,38.900002,38.900002,38.18,38.419998,32.052044,15500
2014-11-19,36.630001,37.619999,35.959999,36.639999,30.567072,26100
2014-11-20,36.619999,36.619999,35.610001,36.41,30.375193,3400
2014-11-21,37.119999,37.529999,35.959999,37.060001,30.917459,17000
2014-11-24,37.529999,37.529999,36.740002,37.5,31.284531,11900
2014-11-25,37.549999,39.299999,37.549999,38.299999,31.951933,12700
2014-11-26,38.459999,39.049999,37.68,38.27,31.926907,7200
2014-11-28,38.119999,38.119999,37.650002,37.68,31.434696,3700
2014-12-01,37.560001,39.009998,35.130001,35.689999,29.774529,24700
2014-12-02,36.119999,37.110001,35.810001,36.919998,30.800661,6300
2014-12-03,36.57,37.060001,35.720001,35.889999,29.941381,11300
2014-12-04,36.889999,37.560001,35.700001,36.119999,30.133259,11400
2014-12-05,34.049999,42.189999,34.049999,42.189999,35.197182,8000
2014-12-08,40.41,40.41,36.75,38.259998,31.918562,12700
2014-12-09,37.669998,37.689999,36.439999,37.5,31.284531,6700
2014-12-10,37.220001,37.32,35.560001,35.889999,29.941381,12200
2014-12-11,36.220001,37.150002,35.880001,36.09,30.108232,12600
2014-12-12,35.490002,37.689999,35.490002,35.610001,29.70779,5900
2014-12-15,35.810001,36.57,35.529999,36.169998,30.174971,19400
2014-12-16,35.130001,37.630001,35.130001,37.220001,31.05094,13300
2014-12-17,38.080002,38.580002,36.700001,38.240002,31.90188,24200
2014-12-18,39.130001,40.200001,37.66,39.990002,33.361824,9000
2014-12-19,39.82,40.59,39.82,40.43,33.728897,23600
2014-12-22,40.32,40.32,39.810001,39.810001,33.211658,4800
2014-12-23,39.849998,39.849998,37.279999,38.68,32.268951,6400
2014-12-24,39.0,39.0,38.490002,38.75,32.327347,1600
2014-12-26,38.849998,39.73,38.849998,39.68,33.103207,7500
2014-12-29,39.700001,39.700001,39.16,39.560001,33.003094,4100
2014-12-30,39.119999,39.5,38.860001,39.5,32.953037,2200
2014-12-31,39.400002,39.41,37.48,39.209999,32.711105,9100
2015-01-02,39.150002,39.990002,37.509998,38.91,32.460827,3200
2015-01-05,38.549999,38.549999,37.470001,38.0,31.701658,9600
2015-01-06,38.0,38.0,36.09,37.349998,31.159391,16800
2015-01-07,39.990002,39.990002,38.220001,39.099998,32.619335,4900
2015-01-08,39.060001,39.98,38.439999,39.5,32.953037,8200
2015-01-09,39.470001,39.959999,38.049999,38.290001,31.943592,11800
2015-01-12,37.509998,38.75,37.5,38.080002,31.7684,5500
2015-01-13,38.07,40.099998,38.0,38.470001,32.093758,8500
2015-01-14,37.830002,38.860001,37.830002,38.0,31.701658,18300
2015-01-15,38.18,40.0,37.450001,37.639999,31.401325,5000
2015-01-16,37.529999,38.669998,37.48,38.360001,32.001991,6500
2015-01-20,38.369999,38.970001,36.810001,38.0,31.701658,3300
2015-01-21,37.009998,37.57,37.009998,37.23,31.059282,2100
2015-01-22,37.700001,37.73,36.549999,37.450001,31.242819,6300
2015-01-23,37.349998,37.349998,36.509998,37.16,31.000883,1600
2015-01-26,37.0,37.0,36.599998,36.740002,30.650499,1700
2015-01-27,36.299999,37.049999,36.299999,36.68,30.600443,3800
2015-01-28,36.540001,36.540001,34.529999,35.490002,29.607681,10900
2015-01-29,35.459999,37.25,35.459999,36.720001,30.633814,6900
2015-01-30,36.279999,37.950001,35.799999,36.200001,30.200001,9500
2015-02-02,32.650002,33.630001,29.969999,30.85,30.85,13300
2015-02-03,29.809999,32.720001,29.809999,32.110001,32.110001,12500
2015-02-04,31.75,33.490002,31.75,33.09,33.09,7400
2015-02-05,32.689999,34.459999,31.73,33.549999,33.549999,6300
2015-02-06,33.639999,34.25,33.259998,33.599998,33.599998,6500
2015-02-09,33.630001,34.16,33.560001,33.560001,33.560001,4200
2015-02-10,33.549999,33.549999,32.029999,32.560001,32.560001,23600
2015-02-11,31.15,33.5,31.15,32.740002,32.740002,3100
2015-02-12,32.77,32.77,32.25,32.66,32.66,2400
2015-02-13,32.150002,33.599998,32.0,32.25,32.25,8600
2015-02-17,32.25,32.25,31.450001,31.620001,31.620001,16100
2015-02-18,31.51,31.99,31.15,31.459999,31.459999,6900
2015-02-19,31.200001,31.549999,30.360001,30.74,30.74,11600
2015-02-20,30.74,30.92,29.799999,30.02,30.02,11400
2015-02-23,30.1,30.1,29.35,29.389999,29.389999,7500
2015-02-24,29.74,30.969999,29.59,29.59,29.59,7600
2015-02-25,29.75,31.200001,29.74,30.280001,30.280001,6700
2015-02-26,30.290001,30.389999,29.16,30.1,30.1,7700
2015-02-27,30.0,31.879999,30.0,30.51,30.51,7200
2015-03-02,30.450001,32.240002,30.450001,31.83,31.83,4600
2015-03-03,30.959999,31.32,30.549999,30.549999,30.549999,3000
2015-03-04,31.389999,31.389999,30.370001,30.370001,30.370001,1900
2015-03-05,30.5,31.889999,30.5,31.66,31.66,4400
2015-03-06,31.5,32.529999,31.33,31.33,31.33,8100
2015-03-09,31.48,32.77,31.48,32.389999,32.389999,4500
2015-03-10,31.690001,32.299999,31.620001,31.860001,31.860001,4100
2015-03-11,32.099998,33.450001,32.0,32.189999,32.189999,3600
2015-03-12,32.599998,32.599998,31.870001,32.049999,32.049999,11900
2015-03-13,32.02,32.880001,32.02,32.150002,32.150002,5100
2015-03-16,32.150002,32.150002,31.610001,32.02,32.02,4800
2015-03-17,32.0,32.060001,31.1,31.77,31.77,7100
2015-03-18,32.009998,35.73,30.709999,33.0,33.0,21700
2015-03-19,34.5,34.5,31.809999,32.080002,32.080002,15200
2015-03-20,32.119999,33.060001,32.119999,33.0,33.0,16100
2015-03-23,33.18,34.650002,33.110001,34.0,34.0,10400
2015-03-24,34.330002,34.849998,33.0,33.529999,33.529999,7900
2015-03-25,34.009998,35.200001,34.009998,34.5,34.5,8600
2015-03-26,35.59,35.59,34.75,34.810001,34.810001,4200
2015-03-27,34.830002,35.0,34.560001,34.900002,34.900002,4200
2015-03-30,34.900002,36.290001,34.900002,36.049999,36.049999,6700
2015-03-31,35.25,36.400002,35.25,36.400002,36.400002,6700
2015-04-01,35.970001,36.599998,35.639999,36.549999,36.549999,11700
2015-04-02,36.200001,36.639999,35.849998,36.450001,36.450001,7300
2015-04-06,36.419998,37.880001,36.200001,37.220001,37.220001,4300
2015-04-07,36.490002,37.02,36.490002,36.799999,36.799999,9200
2015-04-08,36.549999,37.41,36.549999,37.389999,37.389999,16100
2015-04-09,37.0,37.25,36.549999,36.990002,36.990002,15900
2015-04-10,36.990002,36.990002,34.400002,34.709999,34.709999,19600
2015-04-13,35.799999,35.860001,34.5,34.57,34.57,11100
2015-04-14,34.509998,34.68,34.25,34.470001,34.470001,5000
2015-04-15,34.110001,35.529999,34.110001,35.040001,35.040001,2600
2015-04-16,36.02,36.02,35.209999,35.23,35.23,1400
2015-04-17,34.939999,34.939999,34.0,34.02,34.02,5500
2015-04-20,34.02,35.52,34.02,35.52,35.52,5900
2015-04-21,36.200001,36.200001,34.810001,35.029999,35.029999,4800
2015-04-22,34.869999,34.869999,34.869999,34.869999,34.869999,300
2015-04-23,35.599998,35.990002,35.599998,35.990002,35.990002,1700
2015-04-24,37.439999,37.439999,36.900002,36.91,36.91,1600
2015-04-27,37.66,37.77,36.799999,36.900002,36.900002,5500
2015-04-28,37.689999,37.689999,36.98,37.290001,37.290001,4600
2015-04-29,36.799999,36.799999,36.009998,36.02,36.02,2900
2015-04-30,35.669998,35.73,34.599998,34.720001,34.720001,8900
2015-05-01,34.889999,34.889999,34.009998,34.150002,34.150002,7200
2015-05-04,34.200001,36.349998,34.200001,34.400002,34.400002,5200
2015-05-05,34.450001,34.450001,31.209999,31.209999,31.209999,20000
2015-05-06,34.459999,34.779999,29.91,30.360001,30.360001,15400
2015-05-07,31.879999,32.43,31.5,32.099998,32.099998,3800
2015-05-08,32.48,32.540001,31.25,31.5,31.5,12600
2015-05-11,31.360001,31.459999,30.5,30.700001,30.700001,10500
2015-05-12,31.01,31.57,31.01,31.57,31.57,2400
2015-05-13,31.25,31.26,30.51,30.76,30.76,11400
2015-05-14,30.75,30.959999,30.049999,30.870001,30.870001,11000
2015-05-15,30.91,31.450001,30.76,31.450001,31.450001,3100
2015-05-18,32.0,32.0,30.4,30.4,30.4,4400
2015-05-19,30.459999,30.459999,29.889999,30.139999,30.139999,5800
2015-05-20,30.48,30.5,29.85,30.08,30.08,6400
2015-05-21,29.85,30.379999,29.85,29.860001,29.860001,3700
2015-05-22,29.91,30.389999,28.84,29.43,29.43,7200
2015-05-26,29.190001,30.0,28.799999,30.0,30.0,14400
2015-05-27,30.1,30.99,30.059999,30.280001,30.280001,4600
2015-05-28,29.75,30.799999,29.709999,30.200001,30.200001,3100
2015-05-29,30.34,30.92,30.0,30.41,30.41,7700
2015-06-01,28.459999,30.85,28.459999,29.42,29.42,5800
2015-06-02,29.940001,30.1,29.530001,30.1,30.1,5800
2015-06-03,30.26,30.51,29.0,30.129999,30.129999,7100
2015-06-04,28.48,30.76,28.48,29.809999,29.809999,2800
2015-06-05,29.950001,30.27,29.0,29.83,29.83,11600
2015-06-08,29.5,30.469999,29.5,30.129999,30.129999,6600
2015-06-09,28.860001,30.200001,28.860001,29.6,29.6,3700
2015-06-10,30.879999,30.91,30.59,30.82,30.82,3200
2015-06-11,30.0,31.200001,30.0,31.01,31.01,3100
2015-06-12,30.77,30.77,29.030001,30.41,30.41,7200
2015-06-15,30.34,32.389999,30.34,31.75,31.75,10400
2015-06-16,31.25,31.969999,30.940001,31.940001,31.940001,6200
2015-06-17,32.48,32.48,31.08,31.719999,31.719999,2100
2015-06-18,31.219999,33.549999,31.120001,32.68,32.68,6700
2015-06-19,32.43,33.599998,31.219999,33.25,33.25,11800
2015-06-22,32.580002,33.57,32.580002,33.57,33.57,2600
2015-06-23,32.540001,33.650002,32.540001,33.349998,33.349998,2300
2015-06-24,33.48,34.740002,33.25,34.66,34.66,6100
2015-06-25,34.900002,35.540001,34.0,35.150002,35.150002,5900
2015-06-26,35.169998,35.169998,33.330002,33.560001,33.560001,31700
2015-06-29,32.630001,32.759998,32.0,32.119999,32.119999,5800
2015-06-30,32.139999,33.009998,32.0,32.43,32.43,8400
2015-07-01,32.630001,33.990002,32.630001,33.619999,33.619999,3800
2015-07-02,33.779999,33.779999,32.509998,32.529999,32.529999,1800
2015-07-06,32.5,32.889999,31.709999,32.240002,32.240002,6700
2015-07-07,30.110001,31.860001,30.110001,31.379999,31.379999,2700
2015-07-08,31.610001,32.34,31.16,31.43,31.43,3700
2015-07-09,31.879999,32.0,30.33,30.5,30.5,7300
2015-07-10,30.67,31.950001,30.5,31.1,31.1,6600
2015-07-13,31.1,31.23,30.969999,31.09,31.09,5900
2015-07-14,31.16,31.33,30.91,31.07,31.07,3600
2015-07-15,31.040001,31.209999,30.9,31.049999,31.049999,5700
2015-07-16,31.07,31.07,30.08,30.549999,30.549999,10700
2015-07-17,30.469999,30.549999,29.299999,29.889999,29.889999,13900
2015-07-20,29.9,30.049999,29.5,29.52,29.52,5500
2015-07-21,29.51,29.83,29.34,29.57,29.57,5700
2015-07-22,29.549999,29.799999,29.5,29.74,29.74,15300
2015-07-23,29.52,29.629999,29.09,29.09,29.09,7100
2015-07-24,29.190001,29.200001,27.639999,29.049999,29.049999,11800
2015-07-27,29.049999,29.059999,28.82,28.860001,28.860001,7400
2015-07-28,29.01,29.25,28.629999,28.67,28.67,5300
2015-07-29,28.52,29.299999,28.5,29.280001,29.280001,6100
2015-07-30,28.9,28.9,28.51,28.51,28.51,3800
2015-07-31,28.530001,30.290001,28.51,29.51,29.51,22200
2015-08-03,29.67,29.67,28.73,28.799999,28.799999,5700
2015-08-04,28.99,29.450001,28.879999,28.879999,28.879999,5000
2015-08-05,29.49,30.549999,29.49,30.24,30.24,7500
2015-08-06,30.299999,30.65,29.82,30.379999,30.379999,6700
2015-08-07,30.09,30.799999,30.09,30.379999,30.379999,5600
2015-08-10,29.709999,30.99,29.709999,30.799999,30.799999,9100
2015-08-11,30.469999,31.0,29.75,30.65,30.65,11500
2015-08-12,30.610001,31.299999,30.6,31.09,31.09,6300
2015-08-13,29.620001,31.0,29.620001,30.690001,30.690001,4100
2015-08-14,31.379999,31.379999,30.93,31.35,31.35,5000
2015-08-17,31.280001,31.629999,31.059999,31.629999,31.629999,2100
2015-08-18,31.110001,31.77,31.110001,31.389999,31.389999,1900
2015-08-19,31.34,31.5,31.25,31.299999,31.299999,3000
2015-08-20,31.23,31.5,30.870001,31.110001,31.110001,3300
2015-08-21,30.52,31.15,30.01,30.33,30.33,12100
2015-08-24,29.5,31.24,29.5,29.65,29.65,8700
2015-08-25,30.43,30.809999,28.25,29.549999,29.549999,5500
2015-08-26,30.02,30.99,29.620001,30.65,30.65,9600
2015-08-27,30.41,32.490002,30.25,31.0,31.0,11600
2015-08-28,30.790001,31.4,30.790001,31.17,31.17,6200
2015-08-31,29.65,31.15,29.65,31.110001,31.110001,18200
2015-09-01,30.360001,31.33,30.0,31.030001,31.030001,12500
2015-09-02,32.299999,32.75,30.73,31.440001,31.440001,8900
2015-09-03,31.299999,31.540001,31.16,31.25,31.25,5500
2015-09-04,30.92,31.299999,30.01,30.190001,30.190001,15000
2015-09-08,30.610001,31.120001,30.299999,30.5,30.5,14600
2015-09-09,30.5,30.5,29.950001,30.049999,30.049999,15400
2015-09-10,30.15,30.459999,30.15,30.35,30.35,3300
2015-09-11,30.120001,30.48,29.77,30.48,30.48,3700
2015-09-14,30.440001,30.440001,30.280001,30.440001,30.440001,2300
2015-09-15,30.41,31.139999,29.639999,30.940001,30.940001,5800
2015-09-16,31.09,31.24,30.790001,30.83,30.83,4100
2015-09-17,31.290001,31.5,30.530001,31.49,31.49,4900
2015-09-18,30.93,30.969999,30.459999,30.459999,30.459999,13400
2015-09-21,30.719999,31.09,30.719999,31.059999,31.059999,1900
2015-09-22,29.700001,30.440001,29.700001,30.4,30.4,2500
2015-09-23,30.68,30.68,30.33,30.34,30.34,2900
2015-09-24,30.0,31.309999,30.0,31.309999,31.309999,2500
2015-09-25,31.35,31.35,29.780001,30.16,30.16,12200
2015-09-28,30.01,31.0,28.280001,30.01,30.01,4100
2015-09-29,30.0,30.5,30.0,30.0,30.0,8100
2015-09-30,30.0,30.83,30.0,30.139999,30.139999,4200
2015-10-01,30.040001,30.299999,28.66,29.0,29.0,6000
2015-10-02,28.809999,29.33,28.700001,29.299999,29.299999,16000
2015-10-05,29.290001,29.83,29.25,29.83,29.83,5800
2015-10-06,29.15,29.719999,28.799999,29.719999,29.719999,9200
2015-10-07,29.25,29.879999,29.25,29.450001,29.450001,9000
2015-10-08,29.559999,30.0,29.559999,29.700001,29.700001,6300
2015-10-09,29.98,30.280001,29.98,30.139999,30.139999,4400
2015-10-12,30.200001,30.5,29.26,30.5,30.5,3700
2015-10-13,30.299999,30.299999,29.77,29.9,29.9,5900
2015-10-14,30.32,30.48,29.92,29.92,29.92,3300
2015-10-15,30.02,30.860001,30.02,30.799999,30.799999,4400
2015-10-16,30.85,30.85,30.219999,30.219999,30.219999,2100
2015-10-19,30.35,30.35,30.209999,30.209999,30.209999,1000
2015-10-20,30.85,30.85,30.35,30.700001,30.700001,1700
2015-10-21,30.02,30.02,29.98,30.01,30.01,2000
2015-10-22,30.280001,31.15,30.280001,31.15,31.15,4000
2015-10-23,31.33,32.0,31.1,31.959999,31.959999,6100
2015-10-26,31.77,31.940001,31.469999,31.540001,31.540001,2000
2015-10-27,31.370001,31.5,30.809999,30.809999,30.809999,2500
2015-10-28,31.24,32.790001,31.24,32.630001,32.630001,7600
2015-10-29,32.52,32.52,31.93,31.93,31.93,1700
2015-10-30,32.07,33.290001,32.009998,33.0,33.0,21000
2015-11-02,33.169998,33.5,32.82,33.490002,33.490002,6100
2015-11-03,33.360001,33.5,33.25,33.490002,33.490002,4900
2015-11-04,33.400002,33.5,33.400002,33.490002,33.490002,3200
2015-11-05,33.43,33.650002,33.32,33.5,33.5,1300
2015-11-06,33.240002,33.240002,30.27,32.990002,32.990002,46000
2015-11-09,32.84,32.84,30.219999,30.77,30.77,10500
2015-11-10,31.66,32.369999,31.66,32.200001,32.200001,1200
2015-11-11,30.76,30.85,30.49,30.49,30.49,1900
2015-11-12,30.48,31.1,30.48,30.67,30.67,5500
2015-11-13,30.389999,30.75,30.389999,30.559999,30.559999,3000
2015-11-16,31.129999,31.43,30.5,31.0,31.0,3600
2015-11-17,31.200001,31.49,30.6,30.860001,30.860001,6200
2015-11-18,30.5,32.490002,30.5,32.119999,32.119999,2300
2015-11-19,32.0,32.16,32.0,32.139999,32.139999,1500
2015-11-20,32.400002,32.400002,30.559999,32.07,32.07,6200
2015-11-23,32.0,32.290001,32.0,32.220001,32.220001,6300
2015-11-24,32.0,32.240002,31.709999,31.98,31.98,7400
2015-11-25,31.6,31.82,31.25,31.559999,31.559999,2900
2015-11-27,31.01,31.02,30.51,31.02,31.02,6800
2015-11-30,31.030001,31.290001,30.0,30.99,30.99,8800
2015-12-01,31.139999,31.58,30.01,31.5,31.5,7500
2015-12-02,31.51,31.58,30.43,30.99,30.99,11600
2015-12-03,30.48,31.25,29.73,30.01,30.01,12000
2015-12-04,30.459999,31.35,28.9,31.200001,31.200001,27300
2015-12-07,30.219999,31.42,30.200001,31.15,31.15,5600
2015-12-08,30.4,31.34,30.4,31.200001,31.200001,13000
2015-12-09,31.1,31.49,31.02,31.02,31.02,2800
2015-12-10,30.799999,31.5,30.799999,31.35,31.35,8600
2015-12-11,30.780001,31.82,30.51,31.5,31.5,16000
2015-12-14,31.41,32.41,31.01,32.34,32.34,22900
2015-12-15,32.349998,32.630001,31.65,32.400002,32.400002,2600
2015-12-16,31.5,33.0,29.9,32.889999,32.889999,4000
2015-12-17,31.52,32.630001,30.299999,32.34,32.34,53600
2015-12-18,32.279999,33.189999,31.65,33.189999,33.189999,63000
2015-12-21,33.66,34.549999,33.66,34.5,34.5,10200
2015-12-22,34.799999,34.950001,34.34,34.5,34.5,14600
2015-12-23,34.950001,35.139999,34.5,34.939999,34.939999,4000
2015-12-24,34.57,35.25,34.57,35.25,35.25,2900
2015-12-28,35.860001,35.860001,34.59,34.759998,34.759998,8700
2015-12-29,35.549999,35.900002,34.02,34.740002,34.740002,13100
2015-12-30,34.41,34.93,34.029999,34.220001,34.220001,7900
2015-12-31,34.310001,34.799999,33.369999,33.939999,33.939999,13200
2016-01-04,33.48,33.48,31.700001,32.459999,32.459999,16600
2016-01-05,33.200001,33.700001,32.200001,32.919998,32.919998,20800
2016-01-06,32.709999,33.540001,31.6,33.299999,33.299999,36800
2016-01-07,32.450001,33.360001,31.530001,32.0,32.0,28800
2016-01-08,32.200001,32.560001,30.51,30.969999,30.969999,20400
2016-01-11,31.219999,32.23,30.9,31.860001,31.860001,16300
2016-01-12,31.969999,33.669998,31.370001,32.73,32.73,18200
2016-01-13,32.549999,33.130001,31.120001,31.950001,31.950001,43500
2016-01-14,31.92,32.759998,31.629999,31.93,31.93,27600
2016-01-15,31.17,31.700001,30.99,30.99,30.99,12300
2016-01-19,31.42,31.51,29.25,29.66,29.66,25700
2016-01-20,29.549999,29.9,28.280001,29.639999,29.639999,13300
2016-01-21,29.59,29.700001,28.139999,29.559999,29.559999,7900
2016-01-22,29.67,30.23,29.5,30.15,30.15,14400
2016-01-25,29.879999,30.370001,29.59,29.719999,29.719999,12600
2016-01-26,30.040001,30.870001,29.74,30.700001,30.700001,12400
2016-01-27,30.33,30.620001,28.450001,28.879999,28.879999,16300
2016-01-28,28.879999,29.68,28.370001,28.65,28.65,13900
2016-01-29,28.690001,30.67,28.690001,30.360001,30.360001,39700
2016-02-01,30.0,30.91,29.65,30.48,30.48,14000
2016-02-02,30.23,31.110001,30.0,30.709999,30.709999,21300
2016-02-03,31.110001,31.99,30.4,31.200001,31.200001,10200
2016-02-04,31.33,31.99,30.26,31.799999,31.799999,5600
2016-02-05,31.360001,31.85,30.75,30.75,30.75,13100
2016-02-08,30.030001,31.48,30.0,31.120001,31.120001,6500
2016-02-09,30.620001,31.5,30.620001,30.9,30.9,9500
2016-02-10,31.200001,31.200001,30.6,30.700001,30.700001,1800
2016-02-11,30.1,31.0,30.1,30.16,30.16,2900
2016-02-12,30.73,30.889999,30.51,30.889999,30.889999,3600
2016-02-16,31.059999,31.639999,31.059999,31.57,31.57,3100
2016-02-17,31.950001,31.950001,31.08,31.49,31.49,9100
2016-02-18,31.450001,31.700001,30.48,31.49,31.49,9200
2016-02-19,31.35,31.99,30.700001,31.049999,31.049999,7800
2016-02-22,31.65,32.93,31.0,32.700001,32.700001,19500
2016-02-23,31.799999,33.119999,31.6,32.150002,32.150002,7200
2016-02-24,31.799999,33.66,31.799999,32.279999,32.279999,4100
2016-02-25,32.18,33.110001,31.27,32.400002,32.400002,5500
2016-02-26,32.490002,32.689999,31.66,32.310001,32.310001,10700
2016-02-29,32.439999,34.52,32.400002,33.939999,33.939999,10600
2016-03-01,34.02,35.200001,32.700001,33.889999,33.889999,12700
2016-03-02,34.209999,34.209999,33.43,33.939999,33.939999,3200
2016-03-03,33.470001,34.549999,32.52,33.470001,33.470001,8400
2016-03-04,33.110001,34.099998,33.0,33.200001,33.200001,19900
2016-03-07,33.130001,33.93,33.0,33.580002,33.580002,3600
2016-03-08,34.240002,34.240002,33.48,33.860001,33.860001,13800
2016-03-09,34.150002,34.5,33.799999,34.48,34.48,8100
2016-03-10,34.490002,34.490002,33.860001,34.029999,34.029999,3800
2016-03-11,34.169998,34.27,33.869999,34.23,34.23,5800
2016-03-14,34.0,34.240002,33.700001,33.700001,33.700001,2900
2016-03-15,34.200001,34.209999,33.549999,33.860001,33.860001,6300
2016-03-16,33.959999,34.380001,33.77,34.290001,34.290001,18000
2016-03-17,34.060001,34.619999,34.0,34.290001,34.290001,11900
2016-03-18,34.5,36.509998,34.009998,35.07,35.07,19400
2016-03-21,35.130001,36.299999,35.0,35.220001,35.220001,5400
2016-03-22,35.220001,35.259998,34.16,34.560001,34.560001,1600
2016-03-23,34.450001,35.299999,33.860001,34.450001,34.450001,12400
2016-03-24,34.950001,34.950001,34.0,34.23,34.23,2200
2016-03-28,34.5,34.950001,34.310001,34.880001,34.880001,7600
2016-03-29,34.759998,35.880001,34.200001,35.599998,35.599998,12300
2016-03-30,35.560001,36.209999,34.98,36.0,36.0,11000
2016-03-31,35.919998,37.060001,34.509998,35.599998,35.599998,11300
2016-04-01,35.630001,36.549999,35.119999,35.119999,35.119999,7100
2016-04-04,35.419998,36.099998,34.950001,35.720001,35.720001,6700
2016-04-05,35.470001,35.889999,35.209999,35.380001,35.380001,9200
2016-04-06,34.98,35.900002,34.02,35.73,35.73,5500
2016-04-07,35.639999,36.77,35.490002,35.84,35.84,9900
2016-04-08,35.84,35.950001,35.599998,35.599998,35.599998,2500
2016-04-11,36.299999,36.869999,35.540001,35.860001,35.860001,7900
2016-04-12,35.900002,36.720001,35.900002,36.419998,36.419998,2700
2016-04-13,36.009998,37.700001,35.900002,37.0,37.0,6600
2016-04-14,36.700001,36.700001,36.310001,36.310001,36.310001,4900
2016-04-15,36.330002,36.330002,35.540001,36.0,36.0,6300
2016-04-18,36.060001,36.82,35.52,36.82,36.82,4700
2016-04-19,36.75,37.189999,35.970001,36.669998,36.669998,5500
2016-04-20,36.599998,37.459999,36.529999,36.610001,36.610001,6900
2016-04-21,36.740002,37.009998,35.880001,37.009998,37.009998,8200
2016-04-22,37.220001,38.380001,37.220001,38.110001,38.110001,9300
2016-04-25,37.529999,37.869999,36.700001,37.869999,37.869999,10000
2016-04-26,37.84,38.740002,35.290001,38.0,38.0,22700
2016-04-27,38.02,38.02,36.380001,37.150002,37.150002,9500
2016-04-28,37.619999,38.25,36.529999,36.529999,36.529999,14300
2016-04-29,36.82,36.860001,35.259998,36.48,36.48,6600
2016-05-02,36.27,36.75,35.040001,36.240002,36.240002,14700
2016-05-03,35.950001,35.950001,33.830002,34.349998,34.349998,19200
2016-05-04,34.5,34.5,33.75,33.75,33.75,8000
2016-05-05,33.939999,34.48,32.950001,33.75,33.75,3300
2016-05-06,33.75,34.490002,32.799999,33.98,33.98,11400
2016-05-09,33.810001,34.400002,32.799999,33.540001,33.540001,4300
2016-05-10,31.83,33.82,31.83,33.68,33.68,8400
2016-05-11,33.439999,33.75,32.98,33.209999,33.209999,5900
2016-05-12,32.970001,34.0,32.970001,33.310001,33.310001,1600
2016-05-13,33.330002,33.330002,32.91,32.91,32.91,2500
2016-05-16,32.43,32.91,31.950001,32.189999,32.189999,7800
2016-05-17,32.0,32.43,31.110001,31.110001,31.110001,10000
2016-05-18,31.120001,32.029999,30.790001,31.129999,31.129999,15200
2016-05-19,31.049999,31.5,30.51,30.719999,30.719999,8600
2016-05-20,30.82,32.060001,30.51,30.93,30.93,7100
2016-05-23,31.0,32.150002,30.75,30.99,30.99,9200
2016-05-24,31.200001,32.0,30.809999,31.0,31.0,6400
2016-05-25,30.870001,31.870001,30.870001,31.290001,31.290001,4300
2016-05-26,31.110001,31.110001,31.110001,31.110001,31.110001,800
2016-05-27,30.6,31.58,30.6,31.200001,31.200001,5300
2016-05-31,30.32,31.049999,30.219999,30.6,30.6,6400
2016-06-01,30.52,30.799999,30.35,30.5,30.5,15000
2016-06-02,30.809999,30.9,30.280001,30.5,30.5,6500
2016-06-03,30.5,31.25,29.799999,29.959999,29.959999,25400
2016-06-06,30.07,30.07,29.360001,29.950001,29.950001,48400
2016-06-07,30.540001,30.940001,30.309999,30.68,30.68,18600
2016-06-08,30.15,32.310001,30.110001,32.029999,32.029999,34500
2016-06-09,32.0,33.310001,31.52,33.0,33.0,8000
2016-06-10,32.73,32.950001,32.639999,32.639999,32.639999,6600
2016-06-13,32.75,33.0,31.49,31.52,31.52,13000
2016-06-14,30.75,31.620001,30.75,31.209999,31.209999,3200
2016-06-15,31.309999,33.009998,31.309999,32.900002,32.900002,8500
2016-06-16,32.16,32.310001,31.75,32.299999,32.299999,2100
2016-06-17,32.349998,33.700001,32.349998,33.200001,33.200001,18000
2016-06-20,32.799999,34.130001,32.799999,33.700001,33.700001,8200
2016-06-21,32.610001,32.610001,32.009998,32.41,32.41,1600
2016-06-22,32.52,33.599998,32.52,32.759998,32.759998,4800
2016-06-23,33.0,33.5,32.259998,33.490002,33.490002,6200
2016-06-24,32.970001,33.889999,32.389999,33.52,33.52,48500
2016-06-27,33.060001,33.43,32.740002,33.080002,33.080002,9800
2016-06-28,33.830002,33.860001,32.5,33.220001,33.220001,5400
2016-06-29,32.650002,33.810001,32.650002,33.810001,33.810001,7000
2016-06-30,33.880001,34.5,33.740002,34.5,34.5,6800
2016-07-01,34.400002,34.990002,33.09,34.66,34.66,9400
2016-07-05,33.66,35.990002,33.150002,35.240002,35.240002,6600
2016-07-06,35.119999,35.990002,34.34,35.549999,35.549999,4400
2016-07-07,35.759998,35.759998,33.389999,34.049999,34.049999,9700
2016-07-08,34.150002,35.400002,33.52,35.400002,35.400002,8500
2016-07-11,35.349998,35.349998,34.5,34.900002,34.900002,3000
2016-07-12,34.869999,35.0,33.91,34.599998,34.599998,11000
2016-07-13,34.709999,36.09,34.439999,35.900002,35.900002,7100
2016-07-14,35.990002,36.189999,35.380001,35.380001,35.380001,2900
2016-07-15,35.740002,36.32,33.98,36.02,36.02,4100
2016-07-18,35.990002,36.830002,35.779999,36.790001,36.790001,8500
2016-07-19,35.599998,37.25,35.599998,36.549999,36.549999,4900
2016-07-20,36.599998,36.630001,35.700001,36.32,36.32,1700
2016-07-21,36.23,36.23,35.200001,35.299999,35.299999,1900
2016-07-22,35.41,35.419998,34.73,34.990002,34.990002,2500
2016-07-25,34.889999,34.889999,34.330002,34.330002,34.330002,9100
2016-07-26,35.029999,35.450001,34.98,35.450001,35.450001,2200
2016-07-27,35.68,36.700001,35.259998,35.470001,35.470001,3600
2016-07-28,35.529999,36.34,35.27,36.0,36.0,1700
2016-07-29,35.700001,36.5,35.700001,36.380001,36.380001,4900
2016-08-01,36.18,36.830002,34.889999,34.970001,34.970001,8400
2016-08-02,35.0,35.360001,34.950001,34.98,34.98,9000
2016-08-03,34.459999,35.299999,34.459999,35.299999,35.299999,8500
2016-08-04,35.34,35.34,34.98,35.060001,35.060001,6400
2016-08-05,34.950001,35.240002,34.950001,35.169998,35.169998,14100
2016-08-08,35.02,35.23,34.900002,34.93,34.93,4500
2016-08-09,34.830002,34.830002,34.5,34.68,34.68,2800
2016-08-10,34.720001,34.75,34.509998,34.509998,34.509998,2000
2016-08-11,34.709999,34.740002,34.5,34.700001,34.700001,3900
2016-08-12,34.549999,34.549999,34.040001,34.299999,34.299999,3800
2016-08-15,34.169998,34.169998,32.77,33.299999,33.299999,4600
2016-08-16,33.720001,33.720001,32.790001,32.830002,32.830002,3000
2016-08-17,32.91,32.91,32.18,32.27,32.27,2700
2016-08-18,32.5,33.080002,31.67,32.799999,32.799999,2500
2016-08-19,32.779999,33.650002,32.709999,32.709999,32.709999,6800
2016-08-22,31.01,34.200001,31.01,34.200001,34.200001,21900
2016-08-23,34.209999,34.779999,34.209999,34.5,34.5,7600
2016-08-24,34.73,34.73,32.009998,34.02,34.02,14600
2016-08-25,34.240002,34.470001,33.990002,34.27,34.27,1900
2016-08-26,34.25,34.25,33.150002,33.799999,33.799999,2200
2016-08-29,33.900002,34.48,33.110001,34.200001,34.200001,2700
2016-08-30,33.400002,33.900002,33.299999,33.41,33.41,4500
2016-08-31,34.0,34.0,33.5,33.66,33.66,10700
2016-09-01,33.299999,33.900002,33.139999,33.689999,33.689999,20800
2016-09-02,33.990002,33.990002,32.66,33.279999,33.279999,6400
2016-09-06,33.389999,33.389999,32.5,32.860001,32.860001,5400
2016-09-07,32.810001,33.959999,32.43,32.580002,32.580002,11000
2016-09-08,32.619999,32.619999,32.009998,32.27,32.27,5600
2016-09-09,32.02,32.119999,31.51,31.51,31.51,9800
2016-09-12,31.690001,31.690001,31.34,31.549999,31.549999,4000
2016-09-13,31.02,31.16,31.02,31.16,31.16,5300
2016-09-14,31.059999,31.059999,30.77,30.92,30.92,8800
2016-09-15,30.76,31.040001,30.75,31.040001,31.040001,2500
2016-09-16,31.379999,33.740002,31.370001,32.049999,32.049999,22800
2016-09-19,31.190001,32.16,31.15,32.0,32.0,4400
2016-09-20,31.85,31.85,31.219999,31.690001,31.690001,8400
2016-09-21,31.75,32.32,31.16,31.629999,31.629999,10100
2016-09-22,31.58,31.799999,31.360001,31.610001,31.610001,6800
2016-09-23,31.51,32.029999,31.43,31.530001,31.530001,5000
2016-09-26,31.41,31.41,31.01,31.01,31.01,2500
2016-09-27,31.120001,31.360001,30.879999,31.059999,31.059999,9300
2016-09-28,31.48,32.639999,31.48,31.530001,31.530001,5600
2016-09-29,31.610001,31.610001,31.01,31.09,31.09,5000
2016-09-30,30.65,31.33,30.51,31.07,31.07,10800
2016-10-03,30.969999,31.74,30.690001,31.389999,31.389999,10700
2016-10-04,31.389999,31.639999,31.209999,31.25,31.25,4400
2016-10-05,31.200001,31.57,30.91,31.200001,31.200001,9500
2016-10-06,30.6,31.290001,30.57,31.139999,31.139999,11000
2016-10-07,31.030001,31.290001,31.02,31.110001,31.110001,3300
2016-10-10,31.950001,31.950001,31.549999,31.700001,31.700001,14300
2016-10-11,31.9,31.9,31.35,31.35,31.35,4800
2016-10-12,31.35,31.9,31.35,31.65,31.65,20100
2016-10-13,31.5,31.700001,31.25,31.25,31.25,7300
2016-10-14,31.4,31.549999,31.4,31.4,31.4,8300
2016-10-17,31.4,31.4,31.200001,31.200001,31.200001,900
2016-10-18,31.1,31.15,31.049999,31.049999,31.049999,10400
2016-10-19,28.9,31.25,28.9,31.25,31.25,2000
2016-10-20,31.299999,31.299999,31.299999,31.299999,31.299999,900
2016-10-21,31.1,31.4,31.1,31.4,31.4,1100
2016-10-24,31.440001,31.799999,31.049999,31.799999,31.799999,2900
2016-10-25,31.75,31.75,31.4,31.65,31.65,2400
2016-10-26,31.969999,32.0,31.549999,31.9,31.9,6400
2016-10-27,31.950001,32.0,31.65,31.799999,31.799999,11100
2016-10-28,31.08,31.950001,31.08,31.950001,31.950001,1900
2016-10-31,31.799999,31.85,31.6,31.799999,31.799999,5500
2016-11-01,31.950001,31.950001,31.4,31.799999,31.799999,8100
2016-11-02,31.5,31.549999,31.4,31.5,31.5,3700
2016-11-03,31.450001,31.5,31.450001,31.5,31.5,1400
2016-11-04,32.25,32.349998,31.700001,31.700001,31.700001,4100
2016-11-07,32.73,32.73,32.0,32.25,32.25,5700
2016-11-08,32.099998,32.349998,31.75,32.150002,32.150002,2300
2016-11-09,32.700001,32.900002,32.049999,32.849998,32.849998,5400
2016-11-10,32.900002,35.200001,32.900002,33.849998,33.849998,3700
2016-11-11,34.0,40.0,34.0,40.0,40.0,37300
2016-11-14,41.099998,41.099998,37.75,38.049999,38.049999,31400
2016-11-15,36.400002,37.700001,36.400002,37.450001,37.450001,3100
2016-11-16,38.0,40.049999,37.0,38.950001,38.950001,10900
2016-11-17,39.299999,39.299999,38.400002,38.700001,38.700001,2200
2016-11-18,38.599998,38.900002,37.599998,38.150002,38.150002,8400
2016-11-21,38.5,39.450001,37.849998,37.849998,37.849998,7700
2016-11-22,37.25,39.599998,37.25,39.599998,39.599998,18100
2016-11-23,39.450001,39.450001,37.560001,38.549999,38.549999,12100
2016-11-25,39.299999,39.299999,39.299999,39.299999,39.299999,800
2016-11-28,39.349998,39.349998,37.650002,38.099998,38.099998,12100
2016-11-29,37.950001,39.049999,37.849998,38.599998,38.599998,8100
2016-11-30,38.75,38.849998,37.650002,37.950001,37.950001,5400
2016-12-01,38.450001,38.450001,37.349998,37.400002,37.400002,8400
2016-12-02,37.450001,37.849998,36.25,37.849998,37.849998,4800
2016-12-05,37.299999,38.599998,37.299999,38.549999,38.549999,8200
2016-12-06,38.599998,39.099998,38.599998,38.849998,38.849998,8700
2016-12-07,37.0,39.549999,37.0,39.0,39.0,5500
2016-12-08,39.5,39.549999,39.0,39.5,39.5,9900
2016-12-09,39.400002,39.549999,39.0,39.099998,39.099998,15300
2016-12-12,39.0,39.049999,38.599998,38.650002,38.650002,5800
2016-12-13,38.799999,39.049999,38.650002,38.950001,38.950001,8200
2016-12-14,38.41,39.049999,38.400002,38.400002,38.400002,1600
2016-12-15,37.799999,39.5,37.799999,38.599998,38.599998,9000
2016-12-16,38.900002,39.549999,37.799999,39.400002,39.400002,24700
2016-12-19,39.049999,39.549999,38.98,39.25,39.25,14300
2016-12-20,39.099998,39.549999,38.75,39.450001,39.450001,6800
2016-12-21,39.099998,39.549999,39.049999,39.450001,39.450001,4800
2016-12-22,39.349998,39.349998,39.099998,39.099998,39.099998,2000
2016-12-23,39.25,39.349998,39.25,39.349998,39.349998,1300
2016-12-27,39.5,39.75,39.349998,39.75,39.75,2800
2016-12-28,39.650002,39.779999,39.099998,39.099998,39.099998,3100
2016-12-29,38.5,38.5,37.799999,38.150002,38.150002,6800
2016-12-30,37.59,38.599998,37.59,37.700001,37.700001,6300
2017-01-03,37.75,37.75,36.5,37.349998,37.349998,5700
2017-01-04,37.549999,39.23,37.549999,38.950001,38.950001,4200
2017-01-05,38.700001,38.950001,37.349998,37.349998,37.349998,3400
2017-01-06,37.709999,39.0,37.709999,38.099998,38.099998,2700
2017-01-09,36.549999,38.599998,36.549999,37.549999,37.549999,1000
2017-01-10,37.450001,37.799999,36.75,37.650002,37.650002,5800
2017-01-11,37.5,38.200001,37.5,37.599998,37.599998,1900
2017-01-12,37.549999,37.700001,37.299999,37.299999,37.299999,2700
2017-01-13,37.450001,38.849998,37.450001,38.349998,38.349998,3100
2017-01-17,38.25,38.25,36.799999,36.849998,36.849998,3300
2017-01-18,37.0,37.849998,37.0,37.200001,37.200001,3500
2017-01-19,37.400002,38.049999,37.400002,37.599998,37.599998,3800
2017-01-20,37.549999,37.75,37.5,37.75,37.75,3400
2017-01-23,37.990002,37.990002,37.5,37.5,37.5,1600
2017-01-24,37.650002,38.049999,36.900002,38.049999,38.049999,1900
2017-01-25,38.0,38.0,38.0,38.0,38.0,1100
2017-01-26,37.650002,37.650002,37.650002,37.650002,37.650002,1000
2017-01-27,37.75,38.450001,37.75,37.799999,37.799999,2900
2017-01-30,38.049999,38.099998,37.349998,37.849998,37.849998,11700
2017-01-31,37.950001,39.150002,37.950001,39.0,39.0,7400
2017-02-01,37.98,43.799999,37.970001,42.400002,42.400002,25300
2017-02-02,41.799999,45.5,41.799999,43.25,43.25,13600
2017-02-03,43.5,44.650002,43.049999,44.400002,44.400002,14100
2017-02-06,44.099998,44.099998,41.459999,41.849998,41.849998,7700
2017-02-07,41.900002,41.900002,40.5,41.450001,41.450001,1900
2017-02-08,42.799999,42.799999,42.0,42.0,42.0,1100
2017-02-09,42.25,42.400002,41.0,41.849998,41.849998,14500
2017-02-10,41.650002,42.049999,40.950001,41.799999,41.799999,15900
2017-02-13,40.099998,41.200001,39.470001,40.950001,40.950001,11100
2017-02-14,41.049999,41.529999,40.650002,40.950001,40.950001,13300
2017-02-15,40.950001,41.200001,40.400002,41.200001,41.200001,8300
2017-02-16,41.5,41.5,39.400002,39.75,39.75,12900
2017-02-17,39.900002,40.709999,39.049999,39.549999,39.549999,18100
2017-02-21,40.349998,40.5,38.950001,39.5,39.5,18700
2017-02-22,39.0,39.200001,39.0,39.150002,39.150002,6900
2017-02-23,38.75,39.0,38.5,38.650002,38.650002,13700
2017-02-24,38.32,39.099998,38.32,38.900002,38.900002,9900
2017-02-27,39.650002,40.75,38.349998,38.5,38.5,22000
2017-02-28,39.5,39.5,37.549999,37.599998,37.599998,20600
2017-03-01,38.099998,39.0,37.849998,38.200001,38.200001,17900
2017-03-02,38.66,38.66,37.5,37.5,37.5,17200
2017-03-03,37.5,37.630001,36.900002,37.0,37.0,38300
2017-03-06,37.25,37.299999,35.799999,36.0,36.0,24200
2017-03-07,36.75,37.299999,36.599998,37.200001,37.200001,8400
2017-03-08,37.5,37.5,37.5,37.5,37.5,1800
2017-03-09,37.5,37.549999,37.0,37.099998,37.099998,9500
2017-03-10,37.549999,37.950001,37.049999,37.400002,37.400002,6800
2017-03-13,37.5,37.799999,37.049999,37.549999,37.549999,1900
2017-03-14,37.0,37.23,37.0,37.099998,37.099998,7400
2017-03-15,37.299999,38.049999,37.299999,37.849998,37.849998,6000
2017-03-16,38.0,41.150002,37.650002,40.950001,40.950001,7400
2017-03-17,40.549999,41.93,39.5,41.5,41.5,28900
2017-03-20,41.200001,41.849998,39.790001,41.5,41.5,5000
2017-03-21,41.200001,42.450001,39.700001,39.75,39.75,7600
2017-03-22,39.849998,39.849998,38.0,38.599998,38.599998,5800
2017-03-23,40.299999,40.299999,38.900002,39.799999,39.799999,2000
2017-03-24,40.650002,41.5,39.700001,40.5,40.5,1800
2017-03-27,39.5,40.799999,39.0,39.900002,39.900002,2500
2017-03-28,40.5,40.5,39.299999,40.099998,40.099998,4100
2017-03-29,39.900002,39.900002,38.049999,38.700001,38.700001,8100
2017-03-30,38.599998,39.799999,38.599998,39.400002,39.400002,5700
2017-03-31,38.5,40.150002,38.5,40.0,40.0,6900
2017-04-03,39.950001,40.650002,38.119999,39.75,39.75,6400
2017-04-04,39.799999,40.900002,39.0,40.150002,40.150002,3400
2017-04-05,36.900002,39.900002,36.830002,37.799999,37.799999,10600
2017-04-06,37.950001,40.099998,37.5,37.950001,37.950001,13400
2017-04-07,40.150002,40.150002,38.549999,38.700001,38.700001,2400
2017-04-10,40.0,40.0,38.150002,38.700001,38.700001,2600
2017-04-11,38.849998,39.549999,38.849998,39.049999,39.049999,2200
2017-04-12,40.23,40.23,39.150002,39.150002,39.150002,3900
2017-04-13,38.400002,39.650002,38.279999,38.599998,38.599998,6600
2017-04-17,38.950001,39.900002,38.950001,39.200001,39.200001,8600
2017-04-18,39.450001,40.0,39.0,39.75,39.75,10600
2017-04-19,39.849998,40.799999,39.0,40.25,40.25,4300
2017-04-20,40.5,41.400002,39.880001,41.099998,41.099998,5900
2017-04-21,40.950001,41.75,39.950001,41.5,41.5,8800
2017-04-24,41.950001,41.950001,41.299999,41.299999,41.299999,1800
2017-04-25,41.650002,42.0,41.650002,41.799999,41.799999,4300
2017-04-26,41.880001,42.950001,41.349998,42.599998,42.599998,9200
2017-04-27,42.5,42.849998,42.25,42.599998,42.599998,6300
2017-04-28,42.599998,43.450001,42.599998,42.700001,42.700001,8600
2017-05-01,43.18,45.5,43.18,45.150002,45.150002,16500
2017-05-02,45.099998,45.43,44.549999,44.650002,44.650002,10900
2017-05-03,44.700001,44.700001,44.0,44.150002,44.150002,7600
2017-05-04,44.0,44.889999,44.0,44.849998,44.849998,6400
2017-05-05,44.849998,44.849998,44.25,44.299999,44.299999,5000
2017-05-08,44.299999,44.299999,43.900002,44.099998,44.099998,5700
2017-05-09,44.0,44.150002,43.799999,44.099998,44.099998,4900
2017-05-10,44.099998,44.099998,42.349998,42.599998,42.599998,4500
2017-05-11,43.650002,43.650002,43.299999,43.299999,43.299999,600
2017-05-12,43.349998,43.799999,42.25,42.450001,42.450001,9500
2017-05-15,42.700001,42.75,41.599998,42.75,42.75,2500
2017-05-16,42.48,42.5,42.049999,42.400002,42.400002,5400
2017-05-17,42.25,43.790001,42.25,42.349998,42.349998,4600
2017-05-18,42.049999,42.5,41.099998,42.5,42.5,3400
2017-05-19,42.5,42.5,39.380001,41.900002,41.900002,10100
2017-05-22,42.799999,43.099998,42.200001,42.799999,42.799999,5700
2017-05-23,42.849998,43.25,42.849998,42.900002,42.900002,2500
2017-05-24,43.25,43.25,42.200001,43.0,43.0,4200
2017-05-25,43.400002,43.5,42.900002,42.900002,42.900002,3800
2017-05-26,43.049999,43.200001,43.0,43.200001,43.200001,1400
2017-05-30,43.799999,43.799999,42.650002,42.650002,42.650002,5500
2017-05-31,42.049999,42.5,41.950001,42.099998,42.099998,2900
2017-06-01,43.849998,44.0,43.200001,43.700001,43.700001,5100
2017-06-02,43.700001,43.799999,42.349998,43.650002,43.650002,11300
2017-06-05,43.549999,43.599998,42.049999,43.099998,43.099998,3400
2017-06-06,42.25,43.349998,42.200001,43.150002,43.150002,4500
2017-06-07,43.200001,43.700001,43.150002,43.549999,43.549999,11000
2017-06-08,43.5,43.900002,42.549999,43.450001,43.450001,31600
2017-06-09,43.450001,45.450001,43.299999,44.75,44.75,24800
2017-06-12,45.200001,47.0,44.700001,46.900002,46.900002,12500
2017-06-13,47.349998,47.349998,46.450001,46.450001,46.450001,8600
2017-06-14,44.400002,46.810001,44.400002,46.299999,46.299999,3100
2017-06-15,46.5,46.5,45.549999,45.799999,45.799999,14100
2017-06-16,44.849998,47.450001,44.849998,46.349998,46.349998,37600
2017-06-19,46.849998,46.849998,44.799999,45.450001,45.450001,4500
2017-06-20,44.950001,45.0,42.599998,44.799999,44.799999,8100
2017-06-21,45.150002,45.400002,44.599998,45.099998,45.099998,7400
2017-06-22,44.950001,45.5,44.5,45.099998,45.099998,7500
2017-06-23,45.0,46.5,45.0,46.450001,46.450001,49100
2017-06-26,46.400002,47.950001,45.950001,46.5,46.5,13900
2017-06-27,46.049999,46.75,45.700001,46.549999,46.549999,14000
2017-06-28,45.25,46.950001,45.25,46.700001,46.700001,4700
2017-06-29,46.75,46.98,45.950001,46.299999,46.299999,18100
2017-06-30,45.98,46.5,45.650002,46.150002,46.150002,11900
2017-07-03,45.700001,47.049999,45.650002,47.049999,47.049999,3100
2017-07-05,47.049999,47.049999,45.25,46.75,46.75,11400
2017-07-06,46.5,46.5,45.68,46.049999,46.049999,6100
2017-07-07,46.400002,46.400002,44.5,46.150002,46.150002,3200
2017-07-10,45.75,45.75,45.0,45.099998,45.099998,3700
2017-07-11,45.0,45.299999,43.700001,45.150002,45.150002,8300
2017-07-12,45.099998,45.5,44.950001,45.5,45.5,2500
2017-07-13,45.5,45.5,44.5,45.200001,45.200001,3600
2017-07-14,44.799999,45.799999,44.799999,45.599998,45.599998,4500
2017-07-17,45.529999,45.950001,45.5,45.799999,45.799999,5500
2017-07-18,45.900002,46.900002,45.150002,46.299999,46.299999,6900
2017-07-19,46.509998,46.509998,46.25,46.25,46.25,1500
2017-07-20,46.450001,46.450001,46.450001,46.450001,46.450001,400
2017-07-21,46.700001,49.349998,44.669998,46.900002,46.900002,14100
2017-07-24,46.799999,47.450001,46.0,46.5,46.5,2400
2017-07-25,47.25,47.400002,45.25,46.549999,46.549999,7800
2017-07-26,46.0,47.200001,46.0,47.150002,47.150002,4700
2017-07-27,47.099998,47.75,45.75,47.0,47.0,7500
2017-07-28,47.150002,48.450001,46.25,46.5,46.5,18700
2017-07-31,45.080002,46.849998,45.080002,46.150002,46.150002,3100
2017-08-01,47.25,48.700001,45.73,46.200001,46.200001,4700
2017-08-02,46.799999,46.900002,45.5,45.5,45.5,4100
2017-08-03,46.700001,46.700001,45.099998,45.099998,45.099998,3300
2017-08-04,45.0,45.0,42.900002,45.0,45.0,11100
2017-08-07,46.25,46.400002,44.150002,44.849998,44.849998,31800
2017-08-08,45.599998,45.700001,45.400002,45.400002,45.400002,3900
2017-08-09,45.599998,45.599998,44.200001,44.849998,44.849998,3200
2017-08-10,44.549999,44.93,44.290001,44.75,44.75,31400
2017-08-11,44.799999,44.849998,44.049999,44.450001,44.450001,8300
2017-08-14,44.5,44.75,43.779999,44.5,44.5,6100
2017-08-15,44.450001,44.450001,43.400002,44.099998,44.099998,4500
2017-08-16,43.799999,43.900002,43.25,43.25,43.25,5300
2017-08-17,43.650002,43.650002,42.900002,43.099998,43.099998,14100
2017-08-18,42.650002,43.830002,42.599998,43.049999,43.049999,18300
2017-08-21,43.450001,43.950001,43.0,43.549999,43.549999,8400
2017-08-22,43.700001,44.349998,43.700001,44.099998,44.099998,2500
2017-08-23,43.950001,44.150002,43.700001,44.099998,44.099998,9500
2017-08-24,44.25,44.450001,44.0,44.450001,44.450001,3600
2017-08-25,44.099998,44.099998,43.700001,44.049999,44.049999,10900
2017-08-28,44.0,44.099998,43.349998,43.450001,43.450001,3200
2017-08-29,43.25,43.599998,43.25,43.599998,43.599998,2700
2017-08-30,43.849998,43.849998,43.25,43.400002,43.400002,3700
2017-08-31,43.75,44.099998,43.470001,43.900002,43.900002,17600
2017-09-01,46.0,46.0,44.25,45.0,45.0,1700
2017-09-05,44.700001,45.950001,44.400002,45.0,45.0,25900
2017-09-06,46.130001,46.450001,45.099998,45.299999,45.299999,11900
2017-09-07,45.099998,46.23,44.5,44.900002,44.900002,8300
2017-09-08,45.599998,45.700001,45.0,45.200001,45.200001,4100
2017-09-11,45.049999,46.0,45.049999,45.650002,45.650002,15500
2017-09-12,45.5,45.849998,45.450001,45.75,45.75,11600
2017-09-13,45.349998,46.25,45.349998,46.0,46.0,24900
2017-09-14,46.049999,46.200001,45.5,45.599998,45.599998,12600
2017-09-15,45.799999,45.950001,45.200001,45.950001,45.950001,30200
2017-09-18,45.849998,46.0,45.25,45.700001,45.700001,6100
2017-09-19,45.900002,45.900002,45.400002,45.549999,45.549999,6200
2017-09-20,45.5,45.700001,44.599998,45.200001,45.200001,5900
2017-09-21,45.5,45.5,44.630001,44.799999,44.799999,5600
2017-09-22,44.669998,45.099998,44.5,44.900002,44.900002,4200
2017-09-25,45.75,45.75,44.25,44.25,44.25,2300
2017-09-26,44.400002,45.200001,44.18,44.599998,44.599998,7700
2017-09-27,45.0,45.75,45.0,45.75,45.75,31600
2017-09-28,45.75,45.75,45.0,45.400002,45.400002,16300
2017-09-29,44.650002,45.75,44.650002,45.25,45.25,14500
2017-10-02,45.450001,45.450001,44.0,44.650002,44.650002,13000
2017-10-03,44.549999,44.950001,43.700001,44.349998,44.349998,8200
2017-10-04,44.950001,44.950001,44.099998,44.599998,44.599998,6600
2017-10-05,45.0,45.049999,44.650002,44.650002,44.650002,3200
2017-10-06,44.349998,44.900002,43.25,43.549999,43.549999,22900
2017-10-09,43.400002,43.650002,42.900002,43.25,43.25,12500
2017-10-10,43.799999,44.349998,43.599998,43.599998,43.599998,8100
2017-10-11,44.400002,44.5,44.060001,44.099998,44.099998,8100
2017-10-12,44.200001,45.650002,44.200001,45.549999,45.549999,7000
2017-10-13,45.700001,46.200001,44.75,46.0,46.0,12200
2017-10-16,45.849998,46.099998,44.650002,46.049999,46.049999,2900
2017-10-17,45.18,46.200001,45.0,46.099998,46.099998,14900
2017-10-18,46.400002,48.200001,46.400002,47.650002,47.650002,11900
2017-10-19,48.099998,48.099998,46.799999,47.400002,47.400002,5600
2017-10-20,47.700001,47.700001,45.650002,45.849998,45.849998,15000
2017-10-23,46.0,46.299999,45.299999,45.299999,45.299999,6200
2017-10-24,45.450001,45.799999,44.0,44.0,44.0,11800
2017-10-25,43.950001,44.549999,43.5,43.650002,43.650002,13900
2017-10-26,44.200001,44.200001,43.049999,43.799999,43.799999,11000
2017-10-27,44.049999,44.400002,43.900002,44.349998,44.349998,5200
2017-10-30,44.549999,44.549999,44.0,44.200001,44.200001,8400
2017-10-31,44.130001,44.75,43.900002,44.349998,44.349998,13000
2017-11-01,44.5,44.75,43.650002,43.700001,43.700001,9900
2017-11-02,44.0,44.48,43.849998,44.099998,44.099998,10100
2017-11-03,44.049999,44.799999,44.049999,44.450001,44.450001,6000
2017-11-06,43.5,44.299999,43.5,44.0,44.0,4000
2017-11-07,43.700001,44.0,43.599998,43.75,43.75,8200
2017-11-08,43.599998,44.0,43.599998,44.0,44.0,6200
2017-11-09,44.0,45.549999,44.0,44.650002,44.650002,12700
2017-11-10,45.400002,45.950001,45.400002,45.650002,45.650002,4900
2017-11-13,47.5,47.5,45.099998,45.200001,45.200001,1700
2017-11-14,44.470001,45.099998,44.470001,44.849998,44.849998,2300
2017-11-15,44.549999,44.549999,44.150002,44.25,44.25,4200
2017-11-16,44.5,45.0,44.150002,44.900002,44.900002,9900
2017-11-17,44.549999,45.400002,44.5,45.0,45.0,6600
2017-11-20,45.0,45.0,44.75,44.75,44.75,6300
2017-11-21,45.0,45.349998,44.75,45.299999,45.299999,6200
2017-11-22,45.200001,45.900002,45.200001,45.25,45.25,4000
2017-11-24,44.650002,45.049999,44.650002,45.049999,45.049999,1800
2017-11-27,44.950001,45.25,44.75,44.75,44.75,3700
2017-11-28,44.599998,45.650002,44.599998,45.349998,45.349998,3800
2017-11-29,44.700001,47.099998,44.700001,46.900002,46.900002,6900
2017-11-30,46.700001,46.700001,45.650002,45.650002,45.650002,10900
2017-12-01,45.150002,45.299999,44.450001,44.849998,44.849998,5500
2017-12-04,45.0,46.049999,44.75,45.299999,45.299999,4000
2017-12-05,44.900002,45.57,44.900002,45.200001,45.200001,4000
2017-12-06,44.900002,44.900002,44.5,44.5,44.5,2900
2017-12-07,44.950001,44.950001,44.32,44.700001,44.700001,5500
2017-12-08,44.150002,44.450001,41.900002,42.349998,42.349998,14700
2017-12-11,42.099998,43.849998,42.099998,43.700001,43.700001,11400
2017-12-12,43.950001,44.529999,43.799999,43.900002,43.900002,4300
2017-12-13,44.0,45.099998,43.75,45.099998,45.099998,5200
2017-12-14,44.799999,44.799999,43.700001,43.700001,43.700001,12700
2017-12-15,43.599998,44.549999,43.599998,44.349998,44.349998,26500
2017-12-18,44.349998,44.599998,43.799999,44.599998,44.599998,13800
2017-12-19,45.0,45.0,42.52,43.799999,43.799999,9900
2017-12-20,44.0,44.950001,43.950001,43.950001,43.950001,4400
2017-12-21,43.950001,44.849998,43.950001,44.5,44.5,5900
2017-12-22,44.599998,44.599998,44.200001,44.200001,44.200001,3000
2017-12-26,44.400002,44.400002,43.349998,44.0,44.0,3400
2017-12-27,44.5,44.5,43.799999,44.099998,44.099998,1200
2017-12-28,44.349998,44.400002,43.950001,44.150002,44.150002,2900
2017-12-29,44.650002,44.650002,44.0,44.25,44.25,9000
2018-01-02,44.25,44.849998,43.849998,43.849998,43.849998,6300
2018-01-03,43.799999,44.299999,43.799999,44.25,44.25,6000
2018-01-04,44.299999,44.400002,43.700001,43.700001,43.700001,5900
2018-01-05,43.950001,44.400002,43.900002,44.099998,44.099998,3600
2018-01-08,44.25,44.450001,43.900002,44.450001,44.450001,4400
2018-01-09,44.200001,44.5,43.349998,44.5,44.5,2600
2018-01-10,44.299999,44.450001,43.810001,44.450001,44.450001,3400
2018-01-11,44.400002,45.5,44.299999,45.5,45.5,8100
2018-01-12,45.549999,46.549999,45.549999,46.549999,46.549999,5400
2018-01-16,46.5,47.099998,45.720001,46.25,46.25,7700
2018-01-17,46.349998,46.950001,45.5,46.950001,46.950001,4400
2018-01-18,46.25,46.450001,45.349998,45.5,45.5,9500
2018-01-19,45.299999,47.200001,45.299999,47.200001,47.200001,8200
2018-01-22,46.450001,46.900002,46.299999,46.900002,46.900002,8300
2018-01-23,47.610001,47.610001,46.5,46.75,46.75,6500
2018-01-24,46.950001,47.299999,46.950001,47.150002,47.150002,2900
2018-01-25,46.950001,47.599998,45.950001,47.599998,47.599998,2600
2018-01-26,47.549999,49.700001,47.130001,49.25,49.25,11100
2018-01-29,48.75,50.049999,48.5,48.5,48.5,18900
2018-01-30,48.049999,49.700001,48.0,49.400002,49.400002,16400
2018-01-31,49.400002,50.299999,49.110001,49.950001,49.950001,10700
2018-02-01,50.450001,50.450001,49.200001,50.0,50.0,15300
2018-02-02,49.5,50.0,48.709999,49.799999,49.799999,21500
2018-02-05,49.349998,50.27,48.099998,48.150002,48.150002,23700
2018-02-06,47.849998,48.799999,47.400002,48.299999,48.299999,22400
2018-02-07,47.900002,50.34,47.900002,48.799999,48.799999,13400
2018-02-08,48.599998,49.900002,48.599998,49.0,49.0,21400
2018-02-09,49.75,50.049999,49.150002,49.900002,49.900002,25600
2018-02-12,46.650002,50.450001,46.650002,48.900002,48.900002,43800
2018-02-13,48.450001,49.599998,48.099998,48.799999,48.799999,18100
2018-02-14,48.200001,49.849998,48.200001,49.299999,49.299999,16700
2018-02-15,48.549999,50.400002,48.549999,50.049999,50.049999,17800
2018-02-16,49.75,51.700001,49.75,51.0,51.0,16300
2018-02-20,51.5,51.700001,49.450001,49.650002,49.650002,9300
2018-02-21,49.799999,51.169998,49.349998,49.599998,49.599998,12500
2018-02-22,49.650002,51.5,49.650002,50.900002,50.900002,14000
2018-02-23,50.029999,51.25,49.950001,51.049999,51.049999,12700
2018-02-26,51.400002,53.599998,50.849998,53.349998,53.349998,64500
2018-02-27,53.599998,55.049999,53.549999,54.049999,54.049999,24400
2018-02-28,54.25,54.25,51.75,52.25,52.25,32700
2018-03-01,51.900002,52.849998,50.799999,52.700001,52.700001,21500
2018-03-02,52.25,54.799999,51.700001,54.099998,54.099998,50200
2018-03-05,53.950001,55.700001,53.950001,55.150002,55.150002,18100
2018-03-06,55.200001,56.529999,54.549999,55.299999,55.299999,12000
2018-03-07,55.200001,58.5,55.0,56.099998,56.099998,47500
2018-03-08,55.75,56.700001,54.82,56.0,56.0,31900
2018-03-09,56.349998,57.900002,55.299999,57.299999,57.299999,33300
2018-03-12,57.0,57.299999,55.650002,56.650002,56.650002,31000
2018-03-13,56.799999,56.900002,55.549999,56.700001,56.700001,22100
2018-03-14,56.700001,56.700001,55.830002,55.900002,55.900002,25000
2018-03-15,56.299999,56.450001,55.799999,56.200001,56.200001,8500
2018-03-16,56.049999,57.380001,50.560001,56.700001,56.700001,102500
2018-03-19,56.599998,56.700001,54.599998,55.75,55.75,40300
2018-03-20,56.0,56.75,55.099998,56.200001,56.200001,42900
2018-03-21,56.099998,56.400002,55.880001,56.0,56.0,14100
2018-03-22,55.5,57.150002,54.950001,55.950001,55.950001,19300
2018-03-23,55.900002,56.400002,55.349998,55.349998,55.349998,96800
2018-03-26,56.0,57.220001,55.099998,55.650002,55.650002,72500
2018-03-27,55.650002,56.950001,55.349998,55.5,55.5,44700
2018-03-28,55.75,56.5,55.5,55.599998,55.599998,23700
2018-03-29,55.650002,57.0,53.950001,56.0,56.0,33700
2018-04-02,55.950001,55.950001,54.529999,55.299999,55.299999,21800
2018-04-03,55.349998,56.849998,55.299999,55.849998,55.849998,54200
2018-04-04,55.450001,56.599998,55.450001,56.049999,56.049999,19800
2018-04-05,56.099998,56.5,55.849998,56.049999,56.049999,13400
2018-04-06,56.0,56.650002,55.849998,56.150002,56.150002,16300
2018-04-09,56.200001,56.700001,56.0,56.099998,56.099998,14800
2018-04-10,56.299999,56.599998,56.049999,56.25,56.25,24900
2018-04-11,56.25,57.0,56.25,56.849998,56.849998,11300
2018-04-12,56.349998,57.349998,56.349998,57.049999,57.049999,20300
2018-04-13,57.0,57.450001,56.5,56.75,56.75,15500
2018-04-16,56.849998,57.5,55.849998,57.349998,57.349998,25000
2018-04-17,57.400002,58.799999,57.400002,58.75,58.75,50000
2018-04-18,58.5,59.450001,57.849998,58.099998,58.099998,15500
2018-04-19,58.150002,58.900002,57.73,58.200001,58.200001,11000
2018-04-20,57.950001,58.599998,56.549999,56.599998,56.599998,18800
2018-04-23,56.900002,58.529999,56.900002,58.099998,58.099998,21700
2018-04-24,58.150002,58.75,57.5,58.599998,58.599998,48500
2018-04-25,58.5,58.529999,56.849998,57.0,57.0,18000
2018-04-26,57.099998,58.049999,56.700001,57.400002,57.400002,15900
2018-04-27,57.400002,57.790001,56.549999,57.25,57.25,21400
2018-04-30,57.299999,57.939999,55.68,57.5,57.5,20400
2018-05-01,57.450001,58.0,56.700001,58.0,58.0,17400
2018-05-02,57.900002,58.549999,57.25,57.700001,57.700001,36300
2018-05-03,58.049999,58.099998,57.150002,57.599998,57.599998,6200
2018-05-04,57.549999,58.5,57.200001,58.400002,58.400002,20300
2018-05-07,58.299999,59.68,57.950001,59.299999,59.299999,23500
2018-05-08,57.900002,59.75,57.900002,58.900002,58.900002,63100
2018-05-09,59.099998,59.450001,57.150002,58.5,58.5,17700
2018-05-10,58.25,59.349998,58.25,59.0,59.0,6400
2018-05-11,59.0,59.400002,57.299999,57.599998,57.599998,22300
2018-05-14,57.599998,58.299999,56.799999,56.900002,56.900002,21300
2018-05-15,56.900002,57.549999,56.52,57.5,57.5,40700
2018-05-16,57.650002,57.650002,57.299999,57.5,57.5,18100
2018-05-17,57.5,58.450001,57.200001,57.5,57.5,28300
2018-05-18,57.849998,58.200001,57.150002,57.400002,57.400002,19800
2018-05-21,57.0,58.25,56.360001,57.349998,57.349998,19900
2018-05-22,57.349998,58.0,57.09,57.549999,57.549999,39200
2018-05-23,57.299999,58.450001,57.150002,57.900002,57.900002,25700
2018-05-24,57.849998,58.950001,57.599998,57.75,57.75,7400
2018-05-25,58.099998,58.099998,57.290001,57.900002,57.900002,14200
2018-05-29,57.650002,58.099998,57.150002,57.75,57.75,32500
2018-05-30,57.950001,59.549999,57.950001,59.200001,59.200001,21200
2018-05-31,58.150002,58.950001,56.349998,56.799999,56.799999,82400
2018-06-01,56.950001,58.75,56.599998,57.349998,57.349998,41000
2018-06-04,57.299999,57.779999,56.5,57.25,57.25,28400
2018-06-05,57.650002,58.580002,57.049999,57.650002,57.650002,50000
2018-06-06,57.599998,59.450001,57.349998,59.049999,59.049999,17700
2018-06-07,58.950001,59.549999,58.950001,59.099998,59.099998,9500
2018-06-08,59.049999,59.549999,58.400002,58.450001,58.450001,19600
2018-06-11,58.400002,59.400002,58.400002,58.700001,58.700001,14700
2018-06-12,58.75,59.599998,58.549999,59.450001,59.450001,38700
2018-06-13,59.599998,59.880001,58.549999,58.849998,58.849998,22900
2018-06-14,59.200001,59.43,58.5,59.299999,59.299999,22000
2018-06-15,59.0,60.299999,58.25,60.049999,60.049999,42000
2018-06-18,60.0,62.400002,59.599998,62.049999,62.049999,38700
2018-06-19,61.549999,63.599998,61.0,63.099998,63.099998,63200
2018-06-20,62.599998,64.150002,61.799999,63.450001,63.450001,34500
2018-06-21,63.650002,63.650002,61.900002,62.25,62.25,13800
2018-06-22,62.450001,63.400002,61.150002,63.099998,63.099998,91700
2018-06-25,62.849998,63.549999,61.799999,62.25,62.25,15600
2018-06-26,62.299999,64.800003,62.150002,64.400002,64.400002,30900
2018-06-27,64.25,64.900002,63.25,63.549999,63.549999,24800
2018-06-28,63.849998,64.5,63.380001,63.950001,63.950001,15800
2018-06-29,64.0,65.900002,63.950001,64.75,64.75,22500
2018-07-02,64.699997,64.800003,63.049999,64.599998,64.599998,16500
2018-07-03,64.550003,65.699997,64.050003,64.699997,64.699997,5800
2018-07-05,65.75,65.849998,64.599998,65.099998,65.099998,14300
2018-07-06,65.150002,66.25,64.529999,65.949997,65.949997,12200
2018-07-09,66.629997,66.699997,65.25,65.800003,65.800003,9600
2018-07-10,66.050003,66.25,64.150002,64.5,64.5,44300
2018-07-11,64.5,64.75,64.099998,64.25,64.25,14300
2018-07-12,64.449997,65.0,63.799999,64.400002,64.400002,10000
2018-07-13,64.349998,64.699997,63.5,64.0,64.0,9900
2018-07-16,63.950001,64.25,63.349998,64.150002,64.150002,16300
2018-07-17,64.099998,65.150002,63.799999,64.849998,64.849998,36100
2018-07-18,64.849998,65.610001,64.349998,64.699997,64.699997,25800
2018-07-19,64.650002,65.849998,64.150002,65.599998,65.599998,21100
2018-07-20,65.449997,65.75,63.950001,64.300003,64.300003,14300
2018-07-23,63.950001,64.349998,63.049999,63.799999,63.799999,9500
2018-07-24,63.799999,63.799999,62.48,62.900002,62.900002,42300
2018-07-25,62.900002,63.0,61.599998,62.049999,62.049999,17400
2018-07-26,61.950001,63.200001,61.75,62.450001,62.450001,14800
2018-07-27,63.25,63.400002,61.5,61.75,61.75,11500
2018-07-30,64.900002,64.900002,62.650002,63.599998,63.599998,11800
2018-07-31,63.700001,65.599998,62.650002,65.0,65.0,23900
2018-08-01,65.0,65.230003,64.279999,64.550003,64.550003,6000
2018-08-02,64.900002,67.699997,64.220001,67.349998,67.349998,23600
2018-08-03,67.25,67.550003,64.650002,66.099998,66.099998,13400
2018-08-06,66.279999,66.650002,65.75,66.599998,66.599998,10100
2018-08-07,66.099998,66.830002,63.150002,63.599998,63.599998,39900
2018-08-08,63.450001,64.050003,63.450001,63.799999,63.799999,14200
2018-08-09,64.5,66.300003,64.150002,66.050003,66.050003,14000
2018-08-10,65.699997,65.849998,64.800003,64.800003,64.800003,6100
2018-08-13,64.949997,64.949997,63.75,63.75,63.75,11500
2018-08-14,63.950001,65.599998,63.950001,65.0,65.0,12800
2018-08-15,64.400002,65.550003,64.0,64.449997,64.449997,21600
2018-08-16,64.599998,66.400002,64.25,64.75,64.75,28300
2018-08-17,64.550003,65.059998,63.349998,64.300003,64.300003,11000
2018-08-20,64.349998,64.75,63.5,64.099998,64.099998,13500
2018-08-21,64.25,64.800003,63.099998,63.450001,63.450001,21500
2018-08-22,63.650002,64.150002,63.200001,63.700001,63.700001,17800
2018-08-23,63.549999,63.549999,62.349998,62.950001,62.950001,9600
2018-08-24,63.25,64.849998,62.799999,63.650002,63.650002,14800
2018-08-27,63.25,64.75,63.25,63.849998,63.849998,9500
2018-08-28,63.799999,65.349998,63.799999,64.900002,64.900002,12000
2018-08-29,64.900002,65.449997,64.900002,65.150002,65.150002,6500
2018-08-30,65.25,65.25,62.75,63.349998,63.349998,28000
2018-08-31,63.700001,65.699997,63.0,65.300003,65.300003,27000
2018-09-04,65.0,65.400002,64.300003,64.449997,64.449997,7500
2018-09-05,64.300003,65.050003,61.709999,64.25,64.25,8300
2018-09-06,63.599998,64.800003,63.450001,63.650002,63.650002,21400
2018-09-07,63.700001,65.379997,63.349998,64.349998,64.349998,12500
2018-09-10,64.400002,64.800003,63.799999,64.599998,64.599998,11400
2018-09-11,64.25,64.699997,63.549999,63.849998,63.849998,8700
2018-09-12,63.549999,64.099998,63.549999,64.099998,64.099998,4500
2018-09-13,63.400002,65.0,63.349998,64.800003,64.800003,6600
2018-09-14,64.5,64.949997,64.449997,64.699997,64.699997,11100
2018-09-17,64.599998,64.800003,62.799999,64.400002,64.400002,12100
2018-09-18,64.349998,65.349998,63.900002,64.349998,64.349998,13600
2018-09-19,64.449997,64.5,62.709999,63.400002,63.400002,12400
2018-09-20,63.549999,65.349998,63.349998,63.900002,63.900002,17100
2018-09-21,63.849998,64.5,63.25,64.5,64.5,46700
2018-09-24,64.349998,65.0,63.509998,64.400002,64.400002,18700
2018-09-25,63.110001,64.900002,63.110001,64.400002,64.400002,12700
2018-09-26,64.699997,64.699997,62.200001,63.299999,63.299999,18600
2018-09-27,63.099998,63.5,62.5,62.75,62.75,17400
2018-09-28,62.299999,67.07,62.099998,62.099998,62.099998,22500
2018-10-01,61.889999,62.5,53.200001,61.43,61.43,18400
2018-10-02,61.099998,61.099998,60.09,60.380001,60.380001,12800
2018-10-03,60.349998,61.23,59.720001,59.790001,59.790001,11300
2018-10-04,59.93,59.93,58.16,58.900002,58.900002,10000
2018-10-05,58.990002,59.860001,58.150002,59.400002,59.400002,3900
2018-10-08,58.470001,59.400002,58.049999,58.43,58.43,14300
2018-10-09,58.009998,59.299999,58.009998,58.02,58.02,9400
2018-10-10,58.0,58.0,55.619999,55.669998,55.669998,20100
2018-10-11,55.470001,55.540001,53.470001,53.57,53.57,9000
2018-10-12,53.599998,54.110001,52.66,53.630001,53.630001,10800
2018-10-15,53.25,54.290001,52.799999,53.150002,53.150002,9400
2018-10-16,53.0,54.389999,52.549999,53.099998,53.099998,18100
2018-10-17,52.98,53.349998,51.240002,51.669998,51.669998,31000
2018-10-18,51.349998,52.41,50.23,50.509998,50.509998,25400
2018-10-19,50.5,51.23,49.52,49.98,49.98,16000
2018-10-22,49.919998,51.349998,48.5,48.720001,48.720001,59900
2018-10-23,48.25,49.330002,47.84,48.900002,48.900002,37600
2018-10-24,48.810001,50.0,47.84,48.040001,48.040001,8500
2018-10-25,48.040001,50.009998,48.040001,48.939999,48.939999,22800
2018-10-26,48.41,49.299999,48.169998,48.689999,48.689999,10400
2018-10-29,49.119999,49.599998,48.77,49.43,49.43,7300
2018-10-30,49.990002,50.25,49.669998,50.0,50.0,5700
2018-10-31,50.23,51.0,47.610001,48.470001,48.470001,14800
2018-11-01,48.830002,50.59,48.830002,49.889999,49.889999,56800
2018-11-02,49.860001,51.799999,49.5,49.91,49.91,8800
2018-11-05,50.049999,51.91,49.540001,50.09,50.09,13800
2018-11-06,49.900002,52.630001,49.860001,50.200001,50.200001,15400
2018-11-07,49.93,51.32,49.16,49.919998,49.919998,38400
2018-11-08,49.610001,51.650002,49.5,49.830002,49.830002,12200
2018-11-09,49.639999,50.82,49.25,49.75,49.75,23300
2018-11-12,49.939999,51.0,49.939999,50.450001,50.450001,12500
2018-11-13,50.360001,51.279999,49.580002,50.240002,50.240002,16400
2018-11-14,50.419998,50.470001,48.130001,48.5,48.5,25500
2018-11-15,48.200001,49.439999,48.07,48.5,48.5,26800
2018-11-16,48.279999,50.799999,48.07,50.169998,50.169998,17300
2018-11-19,50.119999,50.119999,48.34,49.560001,49.560001,11400
2018-11-20,49.16,49.52,48.41,48.709999,48.709999,17700
2018-11-21,48.98,50.040001,48.799999,48.869999,48.869999,10900
2018-11-23,48.669998,49.669998,48.619999,49.5,49.5,5300
2018-11-26,49.740002,50.41,48.720001,49.310001,49.310001,18600
2018-11-27,49.009998,49.189999,48.34,48.459999,48.459999,13100
2018-11-28,48.060001,49.369999,48.060001,48.5,48.5,40400
2018-11-29,48.23,49.0,47.599998,48.110001,48.110001,17000
2018-11-30,48.16,48.439999,46.799999,46.82,46.82,44500
2018-12-03,47.220001,48.0,45.959999,46.450001,46.450001,21500
2018-12-04,46.439999,46.860001,45.080002,45.970001,45.970001,32400
2018-12-06,45.77,48.790001,45.049999,45.639999,45.639999,41800
2018-12-07,45.439999,46.990002,44.119999,44.959999,44.959999,33500
2018-12-10,45.279999,46.0,44.779999,45.799999,45.799999,17000
2018-12-11,46.060001,47.529999,45.799999,46.490002,46.490002,10000
2018-12-12,46.529999,49.110001,46.529999,48.07,48.07,23600
2018-12-13,48.080002,48.490002,47.34,48.259998,48.259998,18400
2018-12-14,47.799999,47.799999,46.220001,46.459999,46.459999,5400
2018-12-17,46.450001,47.93,45.900002,47.580002,47.580002,37400
2018-12-18,48.07,48.07,44.299999,46.720001,46.720001,19200
2018-12-19,46.759998,47.5,41.509998,44.459999,44.459999,18200
2018-12-20,44.77,45.799999,44.740002,45.009998,45.009998,21700
2018-12-21,44.939999,45.02,42.52,43.0,43.0,45100
2018-12-24,42.900002,43.91,42.900002,42.970001,42.970001,10100
2018-12-26,43.220001,44.48,43.209999,44.009998,44.009998,45600
2018-12-27,43.5,47.380001,43.009998,47.380001,47.380001,29600
2018-12-28,47.369999,47.369999,46.150002,46.98,46.98,10300
2018-12-31,47.0,47.0,43.630001,46.009998,46.009998,19300
2019-01-02,45.650002,47.740002,45.650002,47.139999,47.139999,14400
2019-01-03,47.130001,48.209999,47.009998,47.52,47.52,12100
2019-01-04,47.970001,48.25,47.34,48.0,48.0,15000
2019-01-07,47.990002,49.32,46.77,47.049999,47.049999,36600
2019-01-08,47.360001,49.709999,47.279999,49.02,49.02,20600
2019-01-09,49.009998,49.509998,47.700001,48.349998,48.349998,13400
2019-01-10,47.939999,49.009998,47.939999,48.610001,48.610001,8100
2019-01-11,48.599998,48.860001,48.099998,48.599998,48.599998,10800
2019-01-14,48.34,52.009998,47.529999,47.529999,47.529999,12700
2019-01-15,47.540001,48.18,46.610001,46.959999,46.959999,10000
2019-01-16,47.0,48.939999,47.0,48.880001,48.880001,13700
2019-01-17,48.75,50.48,48.75,50.48,50.48,22700
2019-01-18,50.459999,51.299999,49.830002,50.099998,50.099998,18800
2019-01-22,50.0,50.650002,48.400002,48.84,48.84,15300
2019-01-23,49.209999,49.32,47.25,47.549999,47.549999,14100
2019-01-24,47.32,47.98,47.259998,47.5,47.5,22700
2019-01-25,47.470001,49.189999,47.470001,48.669998,48.669998,26600
2019-01-28,48.240002,48.73,48.0,48.73,48.73,13000
2019-01-29,49.02,50.299999,48.740002,49.400002,49.400002,19700
2019-01-30,49.799999,50.540001,48.82,50.509998,50.509998,12600
2019-01-31,50.220001,50.950001,49.549999,50.720001,50.720001,9800
2019-02-01,50.610001,50.880001,50.060001,50.529999,50.529999,21700
2019-02-04,50.720001,51.25,50.700001,51.25,51.25,6100
2019-02-05,51.439999,53.0,50.889999,51.560001,51.560001,13800
2019-02-06,51.639999,51.740002,50.650002,51.32,51.32,10200
2019-02-07,51.18,51.84,50.290001,51.619999,51.619999,12600
2019-02-08,52.0,52.0,50.299999,50.759998,50.759998,14100
2019-02-11,50.689999,51.529999,50.310001,51.209999,51.209999,3500
2019-02-12,51.509998,52.080002,51.099998,51.779999,51.779999,9500
2019-02-13,51.799999,51.98,51.32,51.799999,51.799999,5000
2019-02-14,51.5,52.779999,51.34,51.34,51.34,12700
2019-02-15,51.540001,52.799999,51.32,51.439999,51.439999,13100
2019-02-19,51.299999,52.799999,51.299999,52.639999,52.639999,21400
2019-02-20,52.59,53.41,52.59,53.18,53.18,14700
2019-02-21,52.77,53.560001,52.599998,53.130001,53.130001,9900
2019-02-22,53.220001,53.889999,53.220001,53.779999,53.779999,9400
2019-02-25,53.84,54.23,51.689999,52.150002,52.150002,16500
2019-02-26,52.209999,52.990002,51.91,52.77,52.77,11700
2019-02-27,52.5,52.93,51.689999,51.700001,51.700001,11500
2019-02-28,51.880001,52.119999,51.200001,51.25,51.25,17300
2019-03-01,51.380001,52.200001,50.549999,51.580002,51.580002,32200
2019-03-04,51.490002,51.77,50.439999,51.549999,51.549999,21200
2019-03-05,51.599998,52.43,50.919998,51.119999,51.119999,11500
2019-03-06,51.0,51.0,49.580002,49.779999,49.779999,11000
2019-03-07,49.490002,51.810001,48.240002,50.110001,50.110001,17000
2019-03-08,49.91,51.18,49.310001,49.950001,49.950001,20300
2019-03-11,49.950001,51.950001,48.720001,50.700001,50.700001,23500
2019-03-12,50.669998,51.799999,48.73,49.400002,49.400002,22200
2019-03-13,49.98,51.459999,49.360001,50.540001,50.540001,23900
2019-03-14,50.360001,50.849998,49.41,49.84,49.84,14200
2019-03-15,49.939999,50.689999,49.099998,49.540001,49.540001,45400
2019-03-18,49.25,49.66,48.830002,49.16,49.16,11100
2019-03-19,49.150002,49.439999,47.849998,47.900002,47.900002,9600
2019-03-20,47.98,48.189999,45.650002,45.75,45.75,24900
2019-03-21,45.700001,47.779999,45.700001,47.779999,47.779999,7800
2019-03-22,47.509998,48.450001,46.23,46.32,46.32,23100
2019-03-25,46.419998,48.400002,46.400002,47.689999,47.689999,18000
2019-03-26,47.880001,49.049999,47.59,47.889999,47.889999,9700
2019-03-27,47.82,47.82,47.09,47.330002,47.330002,22200
2019-03-28,47.200001,47.849998,46.900002,47.610001,47.610001,9400
2019-03-29,47.610001,48.470001,47.060001,47.57,47.57,22900
2019-04-01,48.049999,49.66,48.049999,48.860001,48.860001,9100
2019-04-02,48.240002,49.709999,48.049999,49.650002,49.650002,15400
2019-04-03,50.700001,50.75,49.459999,49.52,49.52,8700
2019-04-04,49.720001,50.189999,48.900002,49.630001,49.630001,4600
2019-04-05,49.150002,50.619999,49.009998,50.419998,50.419998,20000
2019-04-08,50.0,51.0,50.0,50.59,50.59,6800
2019-04-09,50.049999,50.759998,50.0,50.0,50.0,2900
2019-04-10,50.279999,51.220001,49.610001,50.98,50.98,9400
2019-04-11,51.700001,51.700001,50.779999,50.779999,50.779999,4600
2019-04-12,51.119999,52.529999,50.369999,52.299999,52.299999,18800
2019-04-15,52.23,52.23,51.549999,51.740002,51.740002,6200
2019-04-16,52.0,52.970001,51.77,52.0,52.0,12200
2019-04-17,52.209999,52.900002,51.619999,51.619999,51.619999,6300
2019-04-18,51.349998,52.560001,51.349998,52.43,52.43,15700
2019-04-22,52.610001,52.610001,52.0,52.189999,52.189999,10800
2019-04-23,52.380001,53.639999,52.209999,53.41,53.41,9000
2019-04-24,52.630001,52.959999,52.0,52.349998,52.349998,7500
2019-04-25,52.360001,53.75,52.360001,52.57,52.57,7200
2019-04-26,52.860001,53.009998,52.5,53.009998,53.009998,2500
2019-04-29,52.009998,53.0,51.169998,52.099998,52.099998,11100
2019-04-30,52.0,52.490002,50.330002,50.689999,50.689999,14700
2019-05-01,51.060001,51.060001,49.049999,49.200001,49.200001,7500
2019-05-02,49.040001,50.130001,47.470001,49.630001,49.630001,12700
2019-05-03,50.130001,50.360001,49.41,49.849998,49.849998,7300
2019-05-06,49.259998,50.439999,48.799999,49.509998,49.509998,15500
2019-05-07,49.080002,49.650002,47.259998,47.259998,47.259998,13600
2019-05-08,47.490002,50.049999,47.490002,47.779999,47.779999,9600
2019-05-09,47.25,48.23,47.25,48.09,48.09,15700
2019-05-10,48.09,52.119999,48.0,48.0,48.0,8900
2019-05-13,47.599998,48.290001,47.009998,47.209999,47.209999,32700
2019-05-14,47.419998,48.509998,47.419998,47.599998,47.599998,29000
2019-05-15,47.599998,48.25,47.41,47.720001,47.720001,9800
2019-05-16,47.509998,48.639999,47.43,48.25,48.25,14200
2019-05-17,47.950001,49.790001,47.560001,48.110001,48.110001,13600
2019-05-20,47.830002,48.139999,47.66,47.93,47.93,2300
2019-05-21,48.119999,52.009998,48.119999,48.389999,48.389999,8200
2019-05-22,48.380001,48.939999,47.759998,48.389999,48.389999,4300
2019-05-23,47.849998,48.299999,46.540001,46.700001,46.700001,19300
2019-05-24,47.0,48.880001,47.0,47.68,47.68,7700
2019-05-28,47.490002,48.490002,47.290001,48.200001,48.200001,10700
2019-05-29,48.459999,48.689999,47.459999,47.549999,47.549999,14300
2019-05-30,47.549999,47.970001,47.169998,47.400002,47.400002,30900
2019-05-31,46.959999,47.959999,46.209999,46.52,46.52,11700
2019-06-03,46.540001,47.080002,46.0,46.299999,46.299999,24100
2019-06-04,46.5,49.279999,46.389999,48.709999,48.709999,13300
2019-06-05,48.799999,49.23,47.5,47.5,47.5,10900
2019-06-06,47.599998,48.549999,46.75,48.5,48.5,16100
2019-06-07,48.549999,50.25,48.349998,48.349998,48.349998,16700
2019-06-10,49.029999,49.799999,48.110001,48.73,48.73,17100
2019-06-11,48.959999,49.099998,47.169998,47.650002,47.650002,14200
2019-06-12,47.560001,47.560001,46.5,46.669998,46.669998,39500
2019-06-13,46.75,47.66,46.5,47.369999,47.369999,32900
2019-06-14,46.740002,47.580002,46.73,47.279999,47.279999,9800
2019-06-17,47.130001,48.080002,46.900002,47.599998,47.599998,15500
2019-06-18,47.849998,48.380001,47.450001,48.189999,48.189999,13900
2019-06-19,47.889999,49.209999,47.810001,48.860001,48.860001,6000
2019-06-20,49.740002,50.139999,48.939999,49.98,49.98,11300
2019-06-21,49.619999,51.099998,49.02,50.490002,50.490002,28100
2019-06-24,50.189999,50.880001,48.990002,49.580002,49.580002,9900
2019-06-25,49.889999,49.889999,48.700001,49.299999,49.299999,16100
2019-06-26,48.689999,48.689999,47.470001,47.470001,47.470001,18000
2019-06-27,47.939999,50.23,47.939999,50.220001,50.220001,19400
2019-06-28,50.220001,60.889999,50.220001,55.77,55.77,66400
2019-07-01,55.279999,56.5,52.540001,53.330002,53.330002,19300
2019-07-02,53.189999,53.610001,51.919998,53.59,53.59,11700
2019-07-03,54.5,54.5,54.02,54.02,54.02,5500
2019-07-05,53.849998,54.32,53.169998,53.900002,53.900002,4900
2019-07-08,53.799999,54.259998,52.279999,53.0,53.0,6000
2019-07-09,52.799999,53.389999,51.93,52.349998,52.349998,5100
2019-07-10,52.650002,53.330002,51.66,51.990002,51.990002,5600
2019-07-11,52.169998,52.169998,50.310001,50.439999,50.439999,8200
2019-07-12,50.439999,53.369999,50.259998,50.59,50.59,22700
2019-07-15,51.470001,51.48,49.48,49.880001,49.880001,16300
2019-07-16,49.5,49.799999,48.830002,49.799999,49.799999,20200
2019-07-17,49.799999,50.27,49.5,49.509998,49.509998,9100
2019-07-18,49.709999,50.220001,48.139999,50.0,50.0,13600
2019-07-19,49.689999,51.0,49.110001,49.619999,49.619999,8300
2019-07-22,49.540001,50.48,48.75,49.290001,49.290001,8500
2019-07-23,49.880001,50.169998,49.060001,49.060001,49.060001,4900
2019-07-24,50.0,51.5,49.700001,51.189999,51.189999,11600
2019-07-25,51.209999,51.509998,49.970001,50.599998,50.599998,4500
2019-07-26,50.759998,50.759998,50.040001,50.040001,50.040001,8400
2019-07-29,50.09,50.59,49.799999,49.799999,49.799999,3700
2019-07-30,50.119999,51.189999,50.119999,50.599998,50.599998,13600
2019-07-31,50.57,51.41,49.580002,49.580002,49.580002,12200
2019-08-01,49.650002,50.16,48.310001,48.43,48.43,10000
2019-08-02,48.599998,48.599998,48.599998,48.599998,48.599998,1600
2019-08-05,46.700001,48.540001,46.610001,47.75,47.75,9200
2019-08-06,48.77,49.830002,48.349998,48.66,48.66,4300
2019-08-07,48.110001,50.48,47.849998,48.759998,48.759998,15400
2019-08-08,49.470001,50.650002,49.470001,49.849998,49.849998,12100
2019-08-09,50.009998,50.259998,49.029999,49.259998,49.259998,10000
2019-08-12,49.990002,49.990002,48.27,48.27,48.27,3700
2019-08-13,47.900002,49.259998,47.900002,49.259998,49.259998,5800
2019-08-14,48.299999,48.299999,47.310001,47.709999,47.709999,13200
2019-08-15,47.630001,48.73,47.23,47.900002,47.900002,8000
2019-08-16,48.209999,49.639999,47.959999,49.419998,49.419998,12000
2019-08-19,49.970001,50.299999,49.580002,50.099998,50.099998,5600
2019-08-20,49.849998,50.360001,49.849998,50.360001,50.360001,2300
2019-08-21,50.650002,51.07,50.139999,50.799999,50.799999,16600
2019-08-22,50.900002,50.900002,50.049999,50.049999,50.049999,8300
2019-08-23,50.310001,50.310001,48.25,48.25,48.25,6500
2019-08-26,49.009998,49.900002,48.939999,49.84,49.84,6200
2019-08-27,50.380001,50.59,47.509998,47.889999,47.889999,25300
2019-08-28,47.790001,48.98,47.790001,48.98,48.98,9700
2019-08-29,49.439999,49.990002,48.599998,48.599998,48.599998,3900
2019-08-30,49.27,49.5,48.75,49.189999,49.189999,8200
2019-09-03,49.189999,49.419998,47.650002,48.490002,48.490002,9000
2019-09-04,48.43,49.099998,48.43,49.080002,49.080002,6900
2019-09-05,49.360001,50.0,49.049999,49.490002,49.490002,12700
2019-09-06,49.0,49.59,48.900002,48.900002,48.900002,8200
2019-09-09,49.0,49.59,48.669998,49.099998,49.099998,12400
2019-09-10,49.099998,49.209999,48.720001,48.860001,48.860001,25700
2019-09-11,49.209999,49.5,48.869999,49.400002,49.400002,26800
2019-09-12,49.400002,50.5,49.400002,50.5,50.5,19000
2019-09-13,50.650002,51.240002,50.200001,50.740002,50.740002,10800
2019-09-16,50.360001,50.5,49.990002,50.119999,50.119999,9100
2019-09-17,50.130001,51.279999,50.130001,50.93,50.93,13700
2019-09-18,50.900002,51.509998,48.849998,49.900002,49.900002,16500
2019-09-19,49.91,51.259998,49.91,50.860001,50.860001,17800
2019-09-20,50.759998,51.810001,50.0,50.82,50.82,29200
2019-09-23,50.73,51.200001,50.18,50.919998,50.919998,7500
2019-09-24,50.869999,50.869999,49.439999,49.439999,49.439999,5000
2019-09-25,49.490002,50.009998,48.849998,49.77,49.77,10200
2019-09-26,48.880001,50.0,48.880001,49.049999,49.049999,5900
2019-09-27,50.110001,50.110001,48.130001,48.16,48.16,6100
2019-09-30,48.299999,48.869999,47.98,48.02,48.02,9000
2019-10-01,48.27,48.34,47.299999,48.02,48.02,7200
2019-10-02,47.73,47.970001,47.509998,47.630001,47.630001,6600
2019-10-03,47.790001,48.189999,47.790001,48.16,48.16,9800
2019-10-04,47.779999,48.869999,47.779999,48.799999,48.799999,3700
2019-10-07,48.509998,48.509998,47.639999,48.0,48.0,4300
2019-10-08,47.630001,48.25,47.279999,47.5,47.5,5500
2019-10-09,47.73,48.599998,47.73,48.299999,48.299999,5500
2019-10-10,48.439999,48.439999,47.900002,47.900002,47.900002,2600
2019-10-11,48.509998,49.110001,48.459999,48.689999,48.689999,6800
2019-10-14,48.610001,49.59,48.369999,49.59,49.59,4800
2019-10-15,48.990002,49.990002,48.990002,49.700001,49.700001,3100
2019-10-16,49.549999,49.810001,48.889999,49.400002,49.400002,5900
2019-10-17,49.360001,49.59,48.529999,48.529999,48.529999,5600
2019-10-18,48.27,49.119999,48.200001,49.0,49.0,27000
2019-10-21,49.119999,49.43,48.310001,48.580002,48.580002,24600
2019-10-22,48.580002,49.220001,48.580002,48.580002,48.580002,11300
2019-10-23,48.740002,49.5,48.740002,49.5,49.5,2200
2019-10-24,49.5,50.349998,49.0,50.080002,50.080002,13200
2019-10-25,49.93,51.139999,49.93,50.529999,50.529999,3000
2019-10-28,51.5,53.029999,51.060001,51.950001,51.950001,5200
2019-10-29,51.540001,51.689999,50.5,50.509998,50.509998,7100
2019-10-30,50.59,51.900002,49.950001,51.900002,51.900002,8100
2019-10-31,51.299999,51.779999,50.779999,51.779999,51.779999,7800
2019-11-01,51.790001,53.189999,51.790001,53.189999,53.189999,3500
2019-11-04,53.099998,53.75,53.099998,53.700001,53.700001,2500
2019-11-05,53.43,53.43,52.509998,53.369999,53.369999,3400
2019-11-06,54.0,54.0,51.470001,51.900002,51.900002,6800
2019-11-07,52.560001,52.650002,52.560001,52.650002,52.650002,2200
2019-11-08,52.700001,52.759998,50.630001,50.900002,50.900002,8800
2019-11-11,50.959999,51.689999,50.84,51.5,51.5,2600
2019-11-12,51.119999,52.259998,51.02,51.189999,51.189999,2400
2019-11-13,51.150002,51.150002,50.41,51.02,51.02,7700
2019-11-14,50.689999,51.119999,50.330002,50.52,50.52,4500
2019-11-15,50.799999,51.279999,50.049999,50.73,50.73,5800
2019-11-18,50.580002,50.580002,49.299999,50.07,50.07,7400
2019-11-19,50.080002,51.77,50.080002,51.0,51.0,7900
2019-11-20,51.919998,52.779999,51.0,51.040001,51.040001,16500
2019-11-21,51.400002,53.389999,51.110001,51.110001,51.110001,4200
2019-11-22,51.32,51.32,50.200001,50.200001,50.200001,5800
2019-11-25,50.470001,52.5,50.470001,52.169998,52.169998,12100
2019-11-26,51.700001,51.700001,50.5,50.509998,50.509998,19000
2019-11-27,50.830002,51.73,49.82,49.82,49.82,8700
2019-11-29,49.77,49.900002,49.650002,49.900002,49.900002,2700
2019-12-02,49.849998,49.849998,49.380001,49.52,49.52,6600
2019-12-03,49.82,49.82,49.5,49.5,49.5,1300
2019-12-04,49.860001,50.59,49.860001,50.299999,50.299999,3900
2019-12-05,50.599998,51.860001,50.599998,51.029999,51.029999,6500
2019-12-06,51.830002,52.700001,51.419998,52.360001,52.360001,15400
2019-12-09,52.220001,52.880001,51.27,51.27,51.27,9000
2019-12-10,50.5,51.400002,50.099998,50.939999,50.939999,14900
2019-12-11,50.209999,51.400002,50.209999,50.740002,50.740002,5300
2019-12-12,49.709999,50.950001,49.709999,50.610001,50.610001,4400
2019-12-13,49.709999,51.18,49.709999,51.18,51.18,11300
2019-12-16,51.049999,51.049999,50.099998,50.5,50.5,32200
2019-12-17,50.450001,50.84,50.209999,50.73,50.73,16500
2019-12-18,50.200001,51.169998,50.110001,51.169998,51.169998,28500
2019-12-19,50.959999,50.959999,50.02,50.02,50.02,87900
2019-12-20,50.23,50.23,49.049999,49.709999,49.709999,37700
2019-12-23,49.259998,50.02,48.959999,49.650002,49.650002,12200
2019-12-24,49.09,49.830002,49.060001,49.5,49.5,3100
2019-12-26,49.75,49.75,49.75,49.75,49.75,700
2019-12-27,49.299999,50.25,49.299999,50.189999,50.189999,18300
2019-12-30,50.939999,50.939999,49.849998,50.43,50.43,3200
