Date,Open,High,Low,Close,Adj Close,Volume
2010-01-04,15.17,15.26,14.85,15.22,13.432106,143800
2010-01-05,15.37,15.48,15.3,15.48,13.661564,292300
2010-01-06,15.5,15.57,15.4,15.54,13.714517,120800
2010-01-07,15.47,15.5,15.35,15.47,13.65274,146100
2010-01-08,15.46,15.56,15.38,15.56,13.732167,30900
2010-01-11,15.62,15.68,15.42,15.53,13.705692,140600
2010-01-12,15.45,15.45,15.24,15.31,13.511533,42500
2010-01-13,15.4,15.4,15.24,15.36,13.555664,167100
2010-01-14,15.33,15.43,15.33,15.38,13.573312,38900
2010-01-15,15.24,15.24,15.07,15.1,13.326205,32200
2010-01-19,15.11,15.43,15.0,15.42,13.608613,78500
2010-01-20,15.16,15.19,14.9,14.97,13.211472,45200
2010-01-21,14.95,14.95,14.23,14.52,12.814337,127800
2010-01-22,14.5,14.5,14.17,14.2,12.531925,38600
2010-01-25,14.28,14.28,14.0,14.16,12.496625,78300
2010-01-26,13.98,14.0,13.25,13.78,12.161263,190900
2010-01-27,13.68,13.73,13.43,13.65,12.046534,102900
2010-01-28,13.84,14.03,13.5,13.57,11.975931,25900
2010-01-29,13.79,13.86,13.41,13.43,11.852378,71700
2010-02-01,13.6,13.87,13.53,13.8,12.178914,37700
2010-02-02,13.95,14.08,13.85,14.04,12.390722,42700
2010-02-03,14.21,14.21,13.96,13.96,12.320118,9200
2010-02-04,13.89,13.89,13.3,13.31,11.746474,45100
2010-02-05,13.13,13.17,12.76,13.15,11.605269,244600
2010-02-08,13.3,13.3,12.99,13.02,11.490541,329000
2010-02-09,13.46,13.5,13.21,13.42,11.843554,77700
2010-02-10,13.43,13.51,13.32,13.4,11.825898,16600
2010-02-11,13.51,13.74,13.44,13.73,12.117137,210400
2010-02-12,13.42,13.73,13.42,13.69,12.081835,131200
2010-02-16,13.88,14.02,13.88,14.01,12.364244,13000
2010-02-17,14.1,14.13,14.02,14.04,12.390722,53300
2010-02-18,13.89,14.14,13.89,14.14,12.478974,15600
2010-02-19,13.99,14.07,13.96,14.07,12.417196,10700
2010-02-22,14.0,14.01,13.96,13.98,12.337768,18700
2010-02-23,13.88,13.9,13.7,13.75,12.134787,61300
2010-02-24,13.82,13.97,13.78,13.88,12.249517,37500
2010-02-25,13.55,13.82,13.53,13.8,12.178914,7800
2010-02-26,13.85,14.01,13.85,14.01,12.364244,3300
2010-03-01,14.21,14.29,14.21,14.28,12.60253,10200
2010-03-02,14.49,14.51,14.38,14.38,12.690781,21700
2010-03-03,14.62,14.67,14.53,14.54,12.831986,71200
2010-03-04,14.48,14.51,14.41,14.49,12.78786,10900
2010-03-05,14.56,14.78,14.51,14.74,13.008493,62500
2010-03-08,14.7,14.78,14.7,14.75,13.017317,10700
2010-03-09,14.58,14.9,14.58,14.84,13.096746,40700
2010-03-10,14.9,15.06,14.88,14.99,13.229125,147600
2010-03-11,14.83,14.98,14.73,14.98,13.220301,189700
2010-03-12,15.13,15.13,14.95,14.98,13.220301,302600
2010-03-15,14.8,14.88,14.72,14.86,13.114396,23700
2010-03-16,14.93,14.96,14.88,14.96,13.20265,14400
2010-03-17,15.07,15.17,15.07,15.07,13.299726,7800
2010-03-18,15.1,15.1,14.89,15.03,13.264426,24200
2010-03-19,14.95,15.0,14.89,14.95,13.193824,17600
2010-03-22,14.89,15.03,14.67,15.02,13.2556,23100
2010-03-23,15.0,15.12,14.95,15.12,13.343854,13300
2010-03-24,15.01,15.05,14.94,14.97,13.211472,10200
2010-03-25,15.15,15.15,14.95,14.95,13.193824,43900
2010-03-26,15.12,15.12,14.92,15.03,13.264426,15200
2010-03-29,15.08,15.29,15.08,15.29,13.493883,10900
2010-03-30,15.3,15.4,15.3,15.38,13.573312,9600
2010-03-31,15.3,15.47,14.63,15.39,13.582137,7400
2010-04-01,15.55,15.76,15.55,15.74,13.891024,56000
2010-04-05,15.9,16.08,15.9,16.030001,14.146955,89200
2010-04-06,15.9,16.059999,15.9,16.030001,14.146955,572000
2010-04-07,16.07,16.299999,15.85,15.94,14.067526,341500
2010-04-08,15.85,16.030001,15.73,16.0,14.120481,824900
2010-04-09,16.030001,16.1,16.0,16.1,14.208733,502400
2010-04-12,15.99,16.059999,15.96,15.98,14.102828,211500
2010-04-13,15.95,16.15,15.69,15.83,13.970449,190300
2010-04-14,15.89,16.15,15.89,16.139999,14.244032,194300
2010-04-15,16.0,16.23,15.87,16.040001,14.155784,319400
2010-04-16,16.0,16.0,15.49,15.59,13.758644,149900
2010-04-19,15.29,15.53,15.16,15.53,13.705692,202200
2010-04-20,15.67,15.8,15.62,15.78,13.926323,60200
2010-04-21,15.64,15.79,15.64,15.75,13.89985,65600
2010-04-22,15.52,15.82,15.5,15.78,13.926323,65100
2010-04-23,15.74,15.88,15.69,15.88,14.014575,164800
2010-04-26,15.91,16.01,15.87,15.87,14.005752,73600
2010-04-27,15.68,15.74,15.25,15.29,13.493883,79500
2010-04-28,15.47,15.5,15.28,15.46,13.643915,91400
2010-04-29,15.59,15.71,15.58,15.68,13.838071,59500
2010-04-30,15.75,15.9,15.5,15.5,13.679214,37100
2010-05-03,15.52,15.64,15.47,15.62,13.785117,63000
2010-05-04,15.26,15.26,14.83,14.88,13.132046,126900
2010-05-05,14.7,14.77,14.33,14.61,12.893763,174500
2010-05-06,14.4,14.54,8.35,13.71,12.099485,326000
2010-05-07,13.79,14.18,13.38,13.71,12.099485,760000
2010-05-10,15.29,15.29,14.64,14.79,13.052617,190000
2010-05-11,14.45,14.93,14.45,14.68,12.95554,248200
2010-05-12,14.97,15.04,14.75,15.01,13.246775,118800
2010-05-13,14.92,15.04,14.81,14.81,13.070271,109600
2010-05-14,14.74,14.74,14.38,14.5,12.796683,44700
2010-05-17,14.61,14.61,14.08,14.37,12.681955,21600
2010-05-18,14.81,14.81,14.02,14.05,12.399545,87700
2010-05-19,13.94,14.0,13.6,13.85,12.223041,104000
2010-05-20,13.16,13.36,12.94,13.18,11.631746,821000
2010-05-21,12.91,13.55,12.81,13.55,11.958282,302700
2010-05-24,13.45,13.67,13.43,13.43,11.852378,66300
2010-05-25,12.79,13.18,12.5,13.18,11.631746,351700
2010-05-26,13.49,13.73,13.36,13.36,11.790602,34400
2010-05-27,13.84,14.23,13.82,14.23,12.558402,29100
2010-05-28,14.1,14.22,14.01,14.01,12.364244,36800
2010-06-01,14.13,14.13,13.77,13.81,12.187738,18500
2010-06-02,13.79,14.19,13.79,14.19,12.523102,14200
2010-06-03,14.13,14.25,13.93,14.07,12.417196,17000
2010-06-04,13.86,13.95,13.62,13.64,12.037708,18100
2010-06-07,13.8,13.8,13.38,13.38,11.808251,42000
2010-06-08,13.47,13.62,13.39,13.62,12.020059,121500
2010-06-09,13.68,13.89,13.57,13.63,12.028885,24200
2010-06-10,14.03,14.17,13.96,14.17,12.50545,31300
2010-06-11,14.0,14.31,14.0,14.3,12.620179,10800
2010-06-14,14.39,14.52,14.25,14.27,12.593703,11000
2010-06-15,14.47,14.69,14.42,14.67,12.946713,11700
2010-06-16,14.67,14.79,14.63,14.74,13.008493,46500
2010-06-17,14.7,14.7,14.59,14.69,12.964365,15500
2010-06-18,14.31,14.81,14.31,14.75,13.017317,22700
2010-06-21,15.13,15.2,14.91,14.97,13.211472,63600
2010-06-22,15.01,15.04,14.67,14.67,12.946713,36000
2010-06-23,14.67,14.78,13.98,14.76,13.026141,24000
2010-06-24,14.7,14.7,14.48,14.48,12.779035,9900
2010-06-25,14.52,14.76,14.51,14.72,12.990842,27900
2010-06-28,14.59,14.71,14.59,14.63,12.911411,37100
2010-06-29,14.18,14.19,13.93,14.05,12.399545,156200
2010-06-30,14.0,14.21,13.91,13.97,12.328945,16000
2010-07-01,13.97,14.0,13.64,13.86,12.231867,35900
2010-07-02,13.89,13.99,13.88,13.94,12.302469,22500
2010-07-06,14.25,14.36,14.1,14.1,12.443673,25700
2010-07-07,14.15,14.51,14.15,14.48,12.779035,45200
2010-07-08,14.5,14.5,14.35,14.48,12.779035,33200
2010-07-09,14.47,14.69,14.47,14.65,12.929065,63500
2010-07-12,14.58,14.67,14.56,14.56,12.849637,6400
2010-07-13,14.68,14.76,14.64,14.71,12.982016,16600
2010-07-14,14.66,14.79,14.62,14.74,13.008493,70300
2010-07-15,14.81,14.83,14.66,14.83,13.08792,15100
2010-07-16,14.59,14.59,14.38,14.41,12.717257,128100
2010-07-19,14.62,14.75,14.6,14.72,12.990842,76600
2010-07-20,14.57,14.98,14.57,14.98,13.220301,21100
2010-07-21,14.98,15.02,14.8,14.85,13.10557,44600
2010-07-22,15.09,15.29,15.09,15.26,13.467406,329700
2010-07-23,15.16,15.39,15.16,15.34,13.53801,769800
2010-07-26,15.39,15.5,15.36,15.47,13.65274,506200
2010-07-27,15.55,15.61,15.36,15.46,13.643915,279700
2010-07-28,15.36,15.45,15.33,15.38,13.573312,57800
2010-07-29,15.57,15.63,15.3,15.41,13.599787,362500
2010-07-30,15.36,15.57,15.31,15.51,13.688038,166800
2010-08-02,15.72,15.87,15.71,15.84,13.979275,525800
2010-08-03,15.72,15.77,15.62,15.72,13.873372,1656500
2010-08-04,15.74,15.79,15.64,15.77,13.917499,959200
2010-08-05,15.73,15.8,15.71,15.75,13.89985,788400
2010-08-06,15.65,15.71,15.54,15.7,13.855721,713700
2010-08-09,15.8,15.82,15.7,15.78,13.926323,708800
2010-08-10,15.62,15.66,15.46,15.61,13.776294,341600
2010-08-11,15.33,15.34,15.11,15.15,13.370328,882200
2010-08-12,15.08,15.24,15.02,15.2,13.414453,335100
2010-08-13,15.32,15.38,15.27,15.32,13.520358,111500
2010-08-16,15.32,15.46,15.28,15.39,13.582137,208600
2010-08-17,15.65,15.71,15.57,15.64,13.802771,262200
2010-08-18,15.65,15.75,15.59,15.72,13.873372,108500
2010-08-19,15.75,15.75,15.52,15.59,13.758644,588600
2010-08-20,15.61,15.63,15.49,15.63,13.793945,129200
2010-08-23,15.66,15.67,15.47,15.49,13.670388,61200
2010-08-24,15.4,15.43,15.29,15.37,13.564487,80500
2010-08-25,15.17,15.3,15.0,15.27,13.476233,299400
2010-08-26,15.39,15.4,15.17,15.22,13.432106,117800
2010-08-27,15.38,15.44,15.13,15.42,13.608613,137700
2010-08-30,15.32,15.38,15.22,15.25,13.458581,96300
2010-08-31,15.3,15.39,15.22,15.32,13.520358,179400
2010-09-01,15.64,15.84,15.62,15.82,13.961626,1516900
2010-09-02,15.83,15.95,15.81,15.93,14.058702,756200
2010-09-03,16.02,16.17,16.02,16.1,14.208733,549400
2010-09-07,16.09,16.09,15.96,15.97,14.094004,116900
2010-09-08,16.09,16.209999,16.08,16.15,14.252858,509700
2010-09-09,16.379999,16.379999,16.26,16.309999,14.394066,365100
2010-09-10,16.309999,16.389999,16.200001,16.379999,14.455842,325000
2010-09-13,16.82,16.82,16.51,16.620001,14.667649,449300
2010-09-14,16.610001,16.809999,16.610001,16.75,14.782376,415100
2010-09-15,16.629999,16.83,16.629999,16.83,14.852982,412900
2010-09-16,16.75,16.76,16.6,16.76,14.791203,567000
2010-09-17,16.91,16.91,16.75,16.809999,14.835329,602500
2010-09-20,16.91,17.059999,16.84,17.02,15.020658,435800
2010-09-21,17.08,17.08,16.92,17.040001,15.038313,530300
2010-09-22,17.129999,17.17,17.030001,17.110001,15.100094,565900
2010-09-23,16.950001,17.049999,16.879999,16.92,14.932409,402100
2010-09-24,17.23,17.280001,17.16,17.25,15.22364,653700
2010-09-27,17.34,17.360001,17.27,17.290001,15.258941,382000
2010-09-28,17.360001,17.42,17.200001,17.379999,15.33837,296400
2010-09-29,17.459999,17.459999,17.35,17.41,15.364847,516700
2010-09-30,17.620001,17.65,17.41,17.51,15.453096,322100
2010-10-01,17.66,17.73,17.5,17.6,15.532527,316900
2010-10-04,17.559999,17.620001,17.4,17.52,15.461927,225100
2010-10-05,17.690001,17.85,17.629999,17.82,15.726685,320100
2010-10-06,17.799999,17.82,17.67,17.780001,15.691379,1662600
2010-10-07,17.77,17.77,17.549999,17.65,15.576659,375600
2010-10-08,17.620001,17.799999,17.51,17.780001,15.691379,207300
2010-10-11,17.780001,17.790001,17.700001,17.75,15.664904,155800
2010-10-12,17.690001,17.77,17.57,17.76,15.673731,293100
2010-10-13,17.91,18.110001,17.889999,18.059999,15.938492,854800
2010-10-14,17.99,18.110001,17.93,18.040001,15.920836,229300
2010-10-15,18.18,18.18,17.91,18.08,15.956141,236200
2010-10-18,17.959999,18.18,17.809999,18.18,16.044394,253400
2010-10-19,17.82,17.83,17.450001,17.5,15.444278,351400
2010-10-20,17.58,17.790001,17.57,17.73,15.647256,463300
2010-10-21,17.77,17.92,17.610001,17.76,15.673731,277300
2010-10-22,17.76,17.83,17.74,17.83,15.735514,132600
2010-10-25,18.08,18.120001,18.0,18.040001,15.920836,402800
2010-10-26,17.99,18.040001,17.92,18.01,15.894365,457100
2010-10-27,17.799999,17.809999,17.58,17.77,15.682557,436100
2010-10-28,17.940001,17.969999,17.74,17.85,15.753158,126500
2010-10-29,17.799999,18.02,17.799999,18.01,15.894365,170700
2010-11-01,18.219999,18.25,18.059999,18.139999,16.00909,88800
2010-11-02,18.34,18.379999,18.25,18.34,16.1856,162300
2010-11-03,18.469999,18.5,18.290001,18.49,16.317976,115700
2010-11-04,18.700001,18.83,18.65,18.83,16.61804,641300
2010-11-05,18.709999,18.75,18.639999,18.74,16.538609,218900
2010-11-08,18.68,18.719999,18.57,18.719999,16.52096,151200
2010-11-09,18.83,18.83,18.48,18.540001,16.362112,167500
2010-11-10,18.549999,18.700001,18.459999,18.700001,16.503313,206300
2010-11-11,18.530001,18.530001,18.379999,18.459999,16.2915,291000
2010-11-12,18.290001,18.32,17.959999,18.08,15.956141,286800
2010-11-15,18.200001,18.24,18.1,18.120001,15.991444,127100
2010-11-16,17.959999,18.09,17.6,17.719999,15.638432,402500
2010-11-17,17.709999,17.809999,17.52,17.73,15.647256,300700
2010-11-18,18.02,18.200001,18.02,18.15,16.017921,215700
2010-11-19,18.24,18.32,18.1,18.299999,16.150301,207000
2010-11-22,18.209999,18.33,18.040001,18.24,16.097351,545200
2010-11-23,17.870001,17.889999,17.66,17.74,15.656079,380800
2010-11-24,18.0,18.049999,17.92,18.040001,15.920836,169600
2010-11-26,17.75,17.790001,17.620001,17.709999,15.629605,178800
2010-11-29,17.68,17.73,17.5,17.700001,15.620785,361900
2010-11-30,17.58,17.639999,17.469999,17.52,15.461927,271900
2010-12-01,17.99,18.15,17.99,18.110001,15.982617,367400
2010-12-02,18.290001,18.549999,18.27,18.540001,16.362112,616100
2010-12-03,18.450001,18.65,18.440001,18.629999,16.441532,509600
2010-12-06,18.51,18.6,18.42,18.530001,16.353281,333000
2010-12-07,18.700001,18.719999,18.41,18.42,16.256203,796400
2010-12-08,18.440001,18.48,18.290001,18.379999,16.220896,257000
2010-12-09,18.41,18.41,18.25,18.299999,16.150301,249300
2010-12-10,18.24,18.26,18.15,18.23,16.08852,399200
2010-12-13,18.27,18.32,18.190001,18.219999,16.079695,321100
2010-12-14,18.32,18.33,18.209999,18.26,16.115002,556000
2010-12-15,18.23,18.23,18.049999,18.07,15.947321,176800
2010-12-16,17.98,18.01,17.879999,18.01,15.894365,203100
2010-12-17,17.92,17.93,17.84,17.879999,15.834143,380400
2010-12-20,17.879999,17.879999,17.73,17.83,15.789868,229500
2010-12-21,17.99,18.139999,17.99,18.07,16.002407,367900
2010-12-22,18.09,18.139999,18.059999,18.110001,16.03783,626800
2010-12-23,18.09,18.129999,18.040001,18.129999,16.055538,251000
2010-12-27,18.040001,18.09,17.959999,18.049999,15.984692,124500
2010-12-28,18.15,18.18,18.07,18.15,16.073256,122400
2010-12-29,18.290001,18.35,18.27,18.299999,16.206093,163200
2010-12-30,18.219999,18.309999,18.219999,18.290001,16.197239,366200
2010-12-31,18.24,18.379999,18.24,18.370001,16.268082,123000
2011-01-03,18.49,18.610001,18.41,18.549999,16.427485,537300
2011-01-04,18.65,18.65,18.469999,18.610001,16.480616,620500
2011-01-05,18.57,18.67,18.52,18.67,16.533754,252800
2011-01-06,18.700001,18.700001,18.43,18.5,16.383202,218300
2011-01-07,18.469999,18.5,18.25,18.35,16.250366,301900
2011-01-10,18.139999,18.139999,18.0,18.07,16.002407,176800
2011-01-11,18.209999,18.25,18.15,18.200001,16.117531,183000
2011-01-12,18.379999,18.559999,18.379999,18.530001,16.409771,223000
2011-01-13,18.49,18.530001,18.4,18.450001,16.338928,223900
2011-01-14,18.5,18.5,18.32,18.459999,16.347778,172500
2011-01-18,18.389999,18.440001,18.27,18.32,16.223801,503600
2011-01-19,18.32,18.32,18.040001,18.120001,16.046684,148200
2011-01-20,18.0,18.02,17.709999,17.85,15.807576,227500
2011-01-21,17.83,17.870001,17.5,17.530001,15.524194,634300
2011-01-24,17.41,17.459999,17.280001,17.459999,15.462204,1051800
2011-01-25,17.49,17.51,17.34,17.450001,15.453347,726600
2011-01-26,17.51,17.66,17.51,17.620001,15.603895,522400
2011-01-27,17.690001,17.790001,17.67,17.709999,15.683598,178400
2011-01-28,17.6,17.6,17.059999,17.07,15.116831,1158100
2011-01-31,17.24,17.299999,17.16,17.27,15.293946,722700
2011-02-01,17.35,17.73,17.299999,17.719999,15.692453,208800
2011-02-02,17.77,17.83,17.719999,17.76,15.727875,220800
2011-02-03,17.83,17.83,17.629999,17.77,15.736732,415100
2011-02-04,17.85,17.85,17.690001,17.799999,15.763298,109900
2011-02-07,17.84,17.93,17.809999,17.809999,15.772155,307300
2011-02-08,17.75,17.790001,17.709999,17.76,15.727875,325800
2011-02-09,17.639999,17.639999,17.290001,17.360001,15.373646,901600
2011-02-10,17.17,17.26,17.059999,17.219999,15.249664,664700
2011-02-11,17.07,17.370001,17.059999,17.33,15.347077,423300
2011-02-14,17.389999,17.49,17.370001,17.459999,15.462204,270700
2011-02-15,17.5,17.51,17.42,17.43,15.435637,274100
2011-02-16,17.469999,17.629999,17.469999,17.6,15.586182,375000
2011-02-17,17.6,17.709999,17.52,17.65,15.630467,188700
2011-02-18,17.76,17.82,17.709999,17.76,15.727875,265500
2011-02-22,17.360001,17.5,17.139999,17.18,15.214241,384800
2011-02-23,17.32,17.35,16.940001,17.049999,15.099116,400600
2011-02-24,16.98,17.0,16.799999,16.98,15.037127,616500
2011-02-25,17.129999,17.27,16.84,17.219999,15.249664,229000
2011-02-28,17.23,17.35,16.76,17.27,15.293946,225800
2011-03-01,17.33,17.33,17.059999,17.110001,15.152257,352600
2011-03-02,17.120001,17.27,17.120001,17.17,15.205385,162200
2011-03-03,17.389999,17.58,17.389999,17.530001,15.524194,116500
2011-03-04,17.620001,17.67,17.49,17.65,15.630467,327600
2011-03-07,17.690001,17.709999,17.440001,17.469999,15.471059,115700
2011-03-08,17.629999,17.799999,17.49,17.700001,15.674746,142400
2011-03-09,17.809999,17.870001,17.74,17.85,15.807576,58600
2011-03-10,17.65,17.65,17.42,17.469999,15.471059,300300
2011-03-11,17.33,17.51,17.280001,17.469999,15.471059,266000
2011-03-14,17.33,17.48,17.33,17.450001,15.453347,180100
2011-03-15,16.809999,17.139999,16.65,17.08,15.125682,590800
2011-03-16,17.200001,17.23,16.700001,16.790001,14.868863,267300
2011-03-17,17.040001,17.110001,16.85,16.92,14.983992,1577500
2011-03-18,17.25,17.25,17.01,17.040001,15.090261,833400
2011-03-21,17.34,17.51,17.32,17.370001,15.382502,288200
2011-03-22,17.440001,17.540001,17.389999,17.459999,15.462204,279400
2011-03-23,17.540001,17.799999,17.540001,17.75,15.719016,276000
2011-03-24,17.84,18.049999,17.83,18.02,15.958127,336200
2011-03-25,17.950001,18.1,17.9,18.0,15.940416,211100
2011-03-28,18.02,18.040001,17.889999,17.9,15.851852,169400
2011-03-29,17.950001,18.129999,17.9,18.1,16.028973,310100
2011-03-30,18.299999,18.459999,18.27,18.440001,16.330069,315300
2011-03-31,18.450001,18.49,18.379999,18.440001,16.330069,310200
2011-04-01,18.629999,18.82,18.620001,18.790001,16.640024,142500
2011-04-04,18.84,18.85,18.74,18.85,16.693157,311400
2011-04-05,18.75,18.92,18.75,18.860001,16.702015,511400
2011-04-06,19.0,19.02,18.93,19.01,16.834848,221600
2011-04-07,19.01,19.049999,18.870001,18.969999,16.799425,132300
2011-04-08,19.0,19.08,18.92,18.99,16.817135,165900
2011-04-11,19.0,19.0,18.75,18.790001,16.640024,130600
2011-04-12,18.690001,18.690001,18.450001,18.530001,16.409771,229300
2011-04-13,18.73,18.85,18.6,18.68,16.542614,154700
2011-04-14,18.530001,18.709999,18.530001,18.709999,16.569178,115800
2011-04-15,18.629999,18.76,18.610001,18.76,16.613457,44900
2011-04-18,18.440001,18.540001,18.27,18.440001,16.330069,175500
2011-04-19,18.530001,18.67,18.48,18.67,16.533754,159600
2011-04-20,18.950001,18.950001,18.84,18.860001,16.702015,236400
2011-04-21,18.950001,19.08,18.9,19.049999,16.870275,131500
2011-04-25,19.129999,19.23,18.940001,18.99,16.817135,215300
2011-04-26,19.110001,19.190001,19.040001,19.18,16.985399,106900
2011-04-27,19.17,19.17,18.92,19.16,16.967688,122300
2011-04-28,19.09,19.23,19.09,19.17,16.976543,222100
2011-04-29,19.290001,19.389999,19.209999,19.389999,17.171366,373000
2011-05-02,19.459999,19.48,19.200001,19.219999,17.020819,374300
2011-05-03,19.129999,19.129999,18.75,18.870001,16.710865,214000
2011-05-04,18.83,18.83,18.52,18.66,16.5249,157000
2011-05-05,18.58,18.67,18.4,18.530001,16.409771,626200
2011-05-06,18.73,18.870001,18.549999,18.690001,16.551464,71100
2011-05-09,18.610001,18.82,18.610001,18.799999,16.648878,95000
2011-05-10,18.860001,19.0,18.85,18.98,16.808283,159400
2011-05-11,19.030001,19.030001,18.68,18.790001,16.640024,121900
2011-05-12,18.73,18.9,18.559999,18.860001,16.702015,88000
2011-05-13,18.719999,18.719999,18.299999,18.299999,16.206093,486400
2011-05-16,18.25,18.450001,18.209999,18.290001,16.197239,370100
2011-05-17,18.16,18.309999,18.09,18.27,16.179522,482700
2011-05-18,18.5,18.620001,18.379999,18.6,16.471766,128000
2011-05-19,18.51,18.57,18.459999,18.57,16.445194,241900
2011-05-20,18.59,18.610001,18.42,18.48,16.365492,71500
2011-05-23,18.01,18.01,17.870001,17.91,15.860712,229000
2011-05-24,18.120001,18.139999,18.02,18.049999,15.984692,316900
2011-05-25,18.02,18.18,17.969999,18.120001,16.046684,213500
2011-05-26,18.27,18.43,18.26,18.43,16.321215,469500
2011-05-27,18.549999,18.610001,18.49,18.549999,16.427485,748600
2011-05-31,18.84,18.84,18.639999,18.780001,16.631168,83800
2011-06-01,18.790001,18.790001,18.42,18.43,16.321215,98300
2011-06-02,18.58,18.74,18.5,18.700001,16.560322,78900
2011-06-03,18.58,18.73,18.549999,18.629999,16.498327,84600
2011-06-06,18.58,18.6,18.290001,18.33,16.232658,43000
2011-06-07,18.49,18.6,18.469999,18.48,16.365492,82100
2011-06-08,18.370001,18.450001,18.27,18.309999,16.214943,35800
2011-06-09,18.360001,18.58,18.309999,18.530001,16.409771,86400
2011-06-10,18.360001,18.360001,18.139999,18.16,16.082106,115100
2011-06-13,18.209999,18.209999,18.02,18.07,16.002407,152900
2011-06-14,18.389999,18.48,18.35,18.389999,16.285789,44300
2011-06-15,18.25,18.26,17.950001,17.98,15.922705,98100
2011-06-16,17.91,17.93,17.700001,17.82,15.781011,299700
2011-06-17,17.959999,18.01,17.879999,17.91,15.882995,76800
2011-06-20,17.780001,17.879999,17.66,17.85,15.829784,65900
2011-06-21,18.0,18.23,18.0,18.18,16.12244,80600
2011-06-22,18.15,18.290001,18.08,18.120001,16.069227,106700
2011-06-23,17.879999,18.059999,17.799999,18.049999,16.007151,31500
2011-06-24,18.129999,18.190001,17.98,18.02,15.980547,183400
2011-06-27,18.01,18.219999,18.0,18.129999,16.078094,111700
2011-06-28,18.15,18.43,18.129999,18.43,16.344143,143400
2011-06-29,18.42,18.610001,18.4,18.549999,16.450569,96100
2011-06-30,18.68,18.83,18.620001,18.809999,16.681139,276900
2011-07-01,18.809999,19.09,18.809999,19.07,16.911711,214000
2011-07-05,19.0,19.09,18.969999,19.049999,16.893974,264400
2011-07-06,19.02,19.120001,18.92,19.1,16.938316,187600
2011-07-07,19.309999,19.440001,19.280001,19.4,17.204361,517400
2011-07-08,19.24,19.33,19.17,19.32,17.133411,285100
2011-07-11,19.059999,19.08,18.83,18.870001,16.734346,120500
2011-07-12,18.75,18.950001,18.73,18.809999,16.681139,214700
2011-07-13,19.040001,19.27,18.93,19.110001,16.947178,147100
2011-07-14,19.18,19.23,18.98,19.02,16.867369,93400
2011-07-15,19.18,19.219999,19.07,19.18,17.009262,129800
2011-07-18,19.059999,19.059999,18.83,18.99,16.840765,355700
2011-07-19,19.040001,19.190001,19.02,19.16,16.991526,61700
2011-07-20,19.18,19.26,19.1,19.219999,17.044729,126500
2011-07-21,19.290001,19.48,19.290001,19.43,17.230967,132900
2011-07-22,19.530001,19.549999,19.42,19.48,17.275307,402900
2011-07-25,19.440001,19.52,19.42,19.450001,17.248705,155500
2011-07-26,19.540001,19.629999,19.5,19.610001,17.390594,287000
2011-07-27,19.6,19.719999,19.4,19.450001,17.248705,162400
2011-07-28,19.5,19.610001,19.440001,19.48,17.275307,83600
2011-07-29,19.299999,19.52,19.299999,19.459999,17.257568,211100
2011-08-01,19.84,19.84,19.450001,19.66,17.434937,346300
2011-08-02,19.530001,19.59,19.030001,19.040001,16.885105,265300
2011-08-03,19.120001,19.120001,18.790001,19.0,16.849634,764900
2011-08-04,18.540001,18.540001,17.889999,17.91,15.882995,1404400
2011-08-05,18.030001,18.059999,17.299999,17.77,15.75884,947900
2011-08-08,16.34,17.26,16.209999,16.25,14.41087,1961800
2011-08-09,16.700001,17.16,16.360001,17.1,15.164668,1094700
2011-08-10,16.889999,17.040001,16.530001,16.540001,14.66805,422000
2011-08-11,16.92,17.66,16.879999,17.469999,15.492793,415300
2011-08-12,17.59,17.6,17.33,17.49,15.510525,364000
2011-08-15,17.77,17.940001,17.709999,17.940001,15.909599,214000
2011-08-16,17.860001,17.92,17.639999,17.709999,15.705632,273000
2011-08-17,17.93,18.09,17.870001,17.98,15.94507,519000
2011-08-18,17.52,17.530001,17.129999,17.23,15.279956,373300
2011-08-19,16.98,17.32,16.9,16.9,14.987304,520200
2011-08-22,17.18,17.18,16.83,16.860001,14.951831,331600
2011-08-23,17.0,17.459999,16.950001,17.41,15.439583,303500
2011-08-24,17.219999,17.389999,17.09,17.309999,15.350899,152700
2011-08-25,17.24,17.290001,16.870001,16.940001,15.022779,233200
2011-08-26,16.879999,17.15,16.700001,17.120001,15.182408,264200
2011-08-29,17.52,17.65,17.43,17.65,15.652424,73000
2011-08-30,17.629999,17.780001,17.4,17.709999,15.705632,538600
2011-08-31,18.059999,18.139999,17.959999,18.1,16.051493,360000
2011-09-01,18.139999,18.24,17.93,17.93,15.900734,525600
2011-09-02,17.639999,17.870001,17.58,17.690001,15.687897,270200
2011-09-06,17.25,17.57,17.139999,17.530001,15.546,451300
2011-09-07,17.799999,17.959999,17.75,17.959999,15.927335,91000
2011-09-08,17.700001,17.870001,17.6,17.629999,15.634684,108200
2011-09-09,17.42,17.5,17.09,17.120001,15.182408,169600
2011-09-12,16.940001,17.040001,16.75,17.01,15.084855,296600
2011-09-13,16.950001,17.040001,16.82,17.0,15.075989,218600
2011-09-14,16.83,16.889999,16.5,16.77,14.872016,179300
2011-09-15,16.85,16.860001,16.690001,16.75,14.85428,435100
2011-09-16,16.889999,16.92,16.76,16.84,14.934093,93500
2011-09-19,16.370001,16.41,16.23,16.379999,14.526157,191900
2011-09-20,16.4,16.59,16.16,16.23,14.393133,512600
2011-09-21,16.17,16.17,15.59,15.61,13.8433,835800
2011-09-22,14.89,15.15,14.3,14.4,12.770248,1417300
2011-09-23,14.5,14.71,14.43,14.66,13.000822,834100
2011-09-26,14.44,14.64,14.22,14.62,12.965348,221000
2011-09-27,15.19,15.55,15.15,15.19,13.470839,469900
2011-09-28,15.18,15.25,14.78,14.78,13.107241,404900
2011-09-29,15.13,15.2,14.67,14.86,13.178187,485200
2011-09-30,14.65,14.74,14.28,14.29,12.672698,369400
2011-10-03,14.2,14.36,12.86,13.83,12.264761,655200
2011-10-04,13.7,14.14,13.56,14.14,12.539674,702200
2011-10-05,14.05,14.47,13.98,14.45,12.814588,326800
2011-10-06,14.5,14.85,14.47,14.85,13.169318,561300
2011-10-07,14.87,14.94,14.59,14.66,13.000822,372100
2011-10-10,15.01,15.23,14.97,15.2,13.479703,74100
2011-10-11,15.06,15.4,15.06,15.37,13.630467,451600
2011-10-12,15.64,15.99,15.6,15.78,13.994062,276200
2011-10-13,15.68,15.76,15.48,15.7,13.923117,1520300
2011-10-14,15.94,15.99,15.82,15.98,14.171427,449100
2011-10-17,16.040001,16.040001,15.66,15.7,13.923117,131800
2011-10-18,15.69,16.0,15.4,15.91,14.10935,121900
2011-10-19,15.94,15.99,15.68,15.68,13.905381,368300
2011-10-20,15.45,15.48,15.15,15.37,13.630467,228900
2011-10-21,15.53,15.72,15.52,15.65,13.878776,1039600
2011-10-24,15.74,16.280001,15.74,16.23,14.393133,161300
2011-10-25,16.049999,16.049999,15.88,15.91,14.10935,193000
2011-10-26,16.139999,16.16,15.82,16.09,14.268978,124100
2011-10-27,16.77,17.16,16.700001,17.059999,15.129197,510400
2011-10-28,16.67,16.940001,16.559999,16.82,14.91636,167200
2011-10-31,16.530001,16.57,16.280001,16.280001,14.437474,126900
2011-11-01,15.82,15.97,15.62,15.8,14.011799,237700
2011-11-02,16.27,16.33,16.129999,16.299999,14.455211,74200
2011-11-03,16.459999,16.48,16.18,16.48,14.61484,131100
2011-11-04,16.35,16.41,16.17,16.379999,14.526157,76200
2011-11-07,16.35,16.48,16.24,16.43,14.570498,148600
2011-11-08,16.549999,16.700001,16.4,16.66,14.774465,201700
2011-11-09,16.18,16.209999,15.83,15.9,14.100482,220100
2011-11-10,16.190001,16.23,15.96,16.049999,14.233505,105400
2011-11-11,16.200001,16.370001,16.190001,16.309999,14.464081,126200
2011-11-14,16.209999,16.280001,16.139999,16.209999,14.375398,116700
2011-11-15,16.23,16.360001,16.18,16.27,14.428606,89100
2011-11-16,16.190001,16.290001,16.030001,16.049999,14.233505,48800
2011-11-17,16.16,16.16,15.65,15.74,13.958591,263300
2011-11-18,15.88,15.96,15.75,15.78,13.994062,118100
2011-11-21,15.47,15.47,15.05,15.23,13.50631,297700
2011-11-22,15.33,15.42,15.18,15.32,13.586123,144100
2011-11-23,15.21,15.21,14.94,14.95,13.258,400900
2011-11-25,15.01,15.11,14.9,14.9,13.213658,32600
2011-11-28,15.4,15.45,15.29,15.38,13.639333,213900
2011-11-29,15.42,15.59,15.42,15.47,13.719149,142500
2011-11-30,16.24,16.459999,16.17,16.440001,14.579367,82100
2011-12-01,16.26,16.379999,16.209999,16.280001,14.437474,86500
2011-12-02,16.41,16.48,16.26,16.27,14.428606,71600
2011-12-05,16.459999,16.530001,16.35,16.459999,14.597103,115800
2011-12-06,16.25,16.450001,16.25,16.389999,14.535025,76800
2011-12-07,16.24,16.459999,16.23,16.440001,14.579367,59200
2011-12-08,16.24,16.290001,15.98,16.030001,14.21577,163000
2011-12-09,16.040001,16.35,16.040001,16.309999,14.464081,85900
2011-12-12,15.95,16.0,15.75,15.84,14.047273,51300
2011-12-13,15.99,16.059999,15.68,15.74,13.958591,126900
2011-12-14,15.69,15.69,15.48,15.51,13.75462,168200
2011-12-15,15.82,15.82,15.55,15.58,13.816697,108600
2011-12-16,15.68,15.76,15.57,15.65,13.970237,199800
2011-12-19,15.62,15.62,15.38,15.43,13.773852,106800
2011-12-20,15.7,15.94,15.7,15.9,14.193404,93200
2011-12-21,15.8,15.89,15.67,15.85,14.148771,136600
2011-12-22,15.92,16.059999,15.92,16.059999,14.33623,63700
2011-12-23,16.0,16.049999,15.94,16.049999,14.327304,66500
2011-12-27,15.92,15.94,15.86,15.86,14.157696,54900
2011-12-28,15.84,15.84,15.72,15.73,14.041653,140000
2011-12-29,15.86,15.93,15.8,15.89,14.184477,118700
2011-12-30,15.91,15.98,15.88,15.94,14.229109,198900
2012-01-03,16.209999,16.360001,16.209999,16.290001,14.541544,79100
2012-01-04,16.110001,16.24,16.110001,16.23,14.487984,47900
2012-01-05,16.120001,16.290001,16.08,16.26,14.514761,249900
2012-01-06,16.190001,16.190001,16.030001,16.030001,14.309452,86600
2012-01-09,16.17,16.17,16.07,16.139999,14.407642,29800
2012-01-10,16.379999,16.469999,16.360001,16.389999,14.630811,117000
2012-01-11,16.23,16.370001,16.190001,16.360001,14.604031,77000
2012-01-12,16.389999,16.459999,16.299999,16.450001,14.684373,275100
2012-01-13,16.309999,16.309999,16.17,16.26,14.514761,93900
2012-01-17,16.48,16.58,16.450001,16.5,14.729004,64900
2012-01-18,16.59,16.85,16.57,16.83,15.023585,86600
2012-01-19,16.85,16.92,16.790001,16.9,15.08607,174900
2012-01-20,16.82,16.870001,16.76,16.85,15.04144,86200
2012-01-23,16.950001,17.049999,16.889999,16.950001,15.130703,130100
2012-01-24,16.77,16.91,16.76,16.879999,15.068219,73600
2012-01-25,16.790001,17.1,16.75,17.09,15.25568,157400
2012-01-26,17.18,17.24,16.969999,17.030001,15.202113,77100
2012-01-27,17.040001,17.17,17.02,17.139999,15.300308,54300
2012-01-30,16.799999,16.959999,16.73,16.940001,15.121778,122900
2012-01-31,17.1,17.139999,16.940001,17.08,15.24675,128800
2012-02-01,17.370001,17.459999,17.290001,17.4,15.532403,155700
2012-02-02,17.459999,17.639999,17.459999,17.57,15.684156,106100
2012-02-03,17.790001,17.790001,17.66,17.77,15.86269,171500
2012-02-06,17.5,17.549999,17.469999,17.549999,15.666303,225100
2012-02-07,17.49,17.610001,17.440001,17.59,15.702016,164400
2012-02-08,17.65,17.74,17.620001,17.700001,15.80021,159600
2012-02-09,17.709999,17.709999,17.57,17.68,15.782351,260300
2012-02-10,17.43,17.450001,17.34,17.43,15.559188,127700
2012-02-13,17.639999,17.719999,17.58,17.629999,15.737716,102000
2012-02-14,17.5,17.51,17.4,17.5,15.621675,71500
2012-02-15,17.6,17.6,17.42,17.450001,15.577039,107700
2012-02-16,17.33,17.57,17.32,17.57,15.684156,312400
2012-02-17,17.75,17.75,17.620001,17.67,15.773427,113800
2012-02-21,17.76,17.76,17.6,17.639999,15.746648,65600
2012-02-22,17.67,17.67,17.57,17.620001,15.72879,88600
2012-02-23,17.66,17.67,17.6,17.66,15.764495,36700
2012-02-24,17.610001,17.73,17.610001,17.639999,15.746648,407100
2012-02-27,17.41,17.59,17.389999,17.540001,15.65738,186400
2012-02-28,17.67,17.74,17.629999,17.74,15.835914,57000
2012-02-29,17.940001,17.98,17.74,17.74,15.835914,77200
2012-03-01,17.879999,18.030001,17.870001,18.0,16.068005,128000
2012-03-02,18.01,18.01,17.92,17.969999,16.041227,49500
2012-03-05,17.85,17.860001,17.75,17.799999,15.88947,55200
2012-03-06,17.48,17.48,17.280001,17.32,15.460989,152000
2012-03-07,17.49,17.58,17.43,17.549999,15.666303,138100
2012-03-08,17.82,17.93,17.74,17.85,15.934103,82500
2012-03-09,17.9,17.92,17.83,17.85,15.934103,44400
2012-03-12,17.75,17.76,17.67,17.74,15.835914,31700
2012-03-13,17.790001,18.040001,17.780001,18.040001,16.103712,81400
2012-03-14,17.93,17.93,17.719999,17.75,15.844833,46000
2012-03-15,17.879999,17.969999,17.809999,17.969999,16.041227,47800
2012-03-16,18.0,18.01,17.92,17.959999,16.032297,43900
2012-03-19,17.889999,18.0,17.889999,17.940001,16.014444,28900
2012-03-20,17.73,17.82,17.639999,17.799999,15.88947,285000
2012-03-21,17.85,17.879999,17.77,17.84,15.925174,96900
2012-03-22,17.700001,17.700001,17.559999,17.66,15.764495,119300
2012-03-23,17.65,17.780001,17.6,17.76,15.853765,76200
2012-03-26,17.860001,18.030001,17.84,18.030001,16.094782,74400
2012-03-27,17.969999,17.98,17.860001,17.889999,15.96981,71500
2012-03-28,17.940001,17.940001,17.629999,17.75,15.844833,319100
2012-03-29,17.620001,17.76,17.530001,17.75,15.844833,49800
2012-03-30,17.93,17.959999,17.799999,17.940001,16.014444,44500
2012-04-02,17.950001,18.23,17.9,18.219999,16.264393,112300
2012-04-03,18.24,18.27,18.08,18.139999,16.192974,34700
2012-04-04,17.889999,17.889999,17.75,17.82,15.907326,44400
2012-04-05,17.809999,17.959999,17.809999,17.940001,16.014444,20200
2012-04-09,17.67,17.77,17.629999,17.709999,15.809133,58200
2012-04-10,17.620001,17.639999,17.309999,17.33,15.469919,85000
2012-04-11,17.52,17.58,17.48,17.5,15.621675,152500
2012-04-12,17.620001,17.92,17.620001,17.889999,15.96981,114800
2012-04-13,17.799999,17.799999,17.6,17.709999,15.809133,101700
2012-04-16,17.74,17.780001,17.549999,17.610001,15.719866,71500
2012-04-17,17.77,17.85,17.68,17.83,15.916252,45200
2012-04-18,17.780001,17.83,17.74,17.76,15.853765,47300
2012-04-19,17.790001,17.82,17.610001,17.719999,15.818055,441300
2012-04-20,17.83,17.98,17.83,17.9,15.978735,127900
2012-04-23,17.76,17.76,17.59,17.76,15.853765,57400
2012-04-24,17.809999,17.91,17.790001,17.82,15.907326,92000
2012-04-25,17.91,17.950001,17.85,17.950001,16.023371,79200
2012-04-26,17.92,17.959999,17.82,17.950001,16.023371,69500
2012-04-27,17.99,18.0,17.92,17.93,16.00552,192200
2012-04-30,18.0,18.0,17.91,17.98,16.050148,40000
2012-05-01,17.969999,18.27,17.950001,18.15,16.201904,128400
2012-05-02,18.030001,18.120001,17.969999,18.120001,16.175125,115000
2012-05-03,18.200001,18.200001,17.93,17.950001,16.023371,288000
2012-05-04,18.0,18.07,17.780001,17.799999,15.88947,76400
2012-05-07,17.82,17.889999,17.719999,17.84,15.925174,58000
2012-05-08,17.709999,17.82,17.51,17.67,15.773427,88100
2012-05-09,17.4,17.450001,17.190001,17.370001,15.505626,346200
2012-05-10,17.530001,17.540001,17.389999,17.42,15.550255,110300
2012-05-11,17.299999,17.43,17.24,17.290001,15.434209,104000
2012-05-14,17.040001,17.040001,16.780001,16.85,15.04144,309100
2012-05-15,16.93,16.93,16.629999,16.719999,14.925391,484400
2012-05-16,16.690001,16.709999,16.459999,16.459999,14.693297,145600
2012-05-17,16.49,16.5,16.23,16.25,14.505836,353800
2012-05-18,16.23,16.26,16.0,16.040001,14.31838,250400
2012-05-21,16.08,16.34,16.01,16.33,14.577252,522300
2012-05-22,16.4,16.5,16.219999,16.290001,14.541544,136300
2012-05-23,16.120001,16.17,15.92,16.16,14.425497,156000
2012-05-24,16.24,16.24,15.99,16.09,14.36301,138200
2012-05-25,16.110001,16.110001,15.95,15.96,14.246964,76100
2012-05-29,16.32,16.43,16.25,16.35,14.595102,125900
2012-05-30,16.190001,16.190001,16.07,16.15,14.416569,30000
2012-05-31,16.129999,16.16,15.98,16.110001,14.380866,62300
2012-06-01,15.86,15.87,15.74,15.76,14.06843,297000
2012-06-04,15.72,15.72,15.58,15.66,13.979165,109800
2012-06-05,15.72,15.79,15.69,15.78,14.086283,113600
2012-06-06,16.030001,16.280001,16.030001,16.280001,14.532618,102700
2012-06-07,16.51,16.620001,16.26,16.26,14.514761,141300
2012-06-08,16.120001,16.280001,16.09,16.280001,14.532618,90500
2012-06-11,16.4,16.4,16.040001,16.08,14.354086,72000
2012-06-12,16.27,16.34,16.15,16.34,14.58618,49300
2012-06-13,16.33,16.379999,16.209999,16.26,14.514761,56600
2012-06-14,16.209999,16.43,16.209999,16.4,14.639738,93200
2012-06-15,16.33,16.450001,16.309999,16.450001,14.770837,38900
2012-06-18,16.43,16.58,16.41,16.549999,14.860621,32700
2012-06-19,16.74,16.93,16.66,16.84,15.121021,45200
2012-06-20,16.870001,16.91,16.709999,16.84,15.121021,50900
2012-06-21,16.719999,16.719999,16.33,16.34,14.672063,69400
2012-06-22,16.540001,16.540001,16.4,16.5,14.815728,44100
2012-06-25,16.24,16.299999,16.190001,16.27,14.609209,74400
2012-06-26,16.459999,16.540001,16.34,16.52,14.833691,88600
2012-06-27,16.639999,16.709999,16.58,16.690001,14.986337,49400
2012-06-28,16.57,16.639999,16.459999,16.620001,14.923483,56600
2012-06-29,17.0,17.01,16.85,16.99,15.255716,85600
2012-07-02,16.950001,16.950001,16.799999,16.9,15.174901,60900
2012-07-03,16.98,17.049999,16.93,17.030001,15.291627,39500
2012-07-05,16.99,17.0,16.82,16.93,15.201837,74700
2012-07-06,16.780001,16.780001,16.67,16.76,15.049189,35200
2012-07-09,16.719999,16.719999,16.58,16.67,14.968377,25700
2012-07-10,16.799999,16.799999,16.51,16.549999,14.860621,75800
2012-07-11,16.67,16.73,16.559999,16.639999,14.941437,70400
2012-07-12,16.450001,16.530001,16.33,16.49,14.80675,28700
2012-07-13,16.549999,16.74,16.549999,16.709999,15.004292,35500
2012-07-16,16.65,16.719999,16.6,16.690001,14.986337,18000
2012-07-17,16.719999,16.780001,16.530001,16.76,15.049189,51000
2012-07-18,16.610001,16.84,16.610001,16.809999,15.094088,91100
2012-07-19,16.809999,16.889999,16.780001,16.870001,15.147963,22000
2012-07-20,16.719999,16.719999,16.6,16.629999,14.932459,28100
2012-07-23,16.280001,16.35,16.16,16.309999,14.645123,43600
2012-07-24,16.34,16.34,16.16,16.27,14.609209,63800
2012-07-25,16.35,16.379999,16.24,16.309999,14.645123,236000
2012-07-26,16.49,16.610001,16.49,16.57,14.878585,62200
2012-07-27,16.58,16.870001,16.57,16.83,15.112047,60000
2012-07-30,16.790001,16.83,16.77,16.780001,15.067149,50600
2012-07-31,16.91,16.969999,16.780001,16.780001,15.067149,132600
2012-08-01,16.940001,16.940001,16.790001,16.82,15.103065,41700
2012-08-02,16.66,16.780001,16.540001,16.639999,14.941437,197300
2012-08-03,16.9,17.049999,16.870001,17.01,15.273674,72000
2012-08-06,17.030001,17.129999,17.030001,17.059999,15.318569,93000
2012-08-07,17.09,17.139999,17.049999,17.049999,15.309587,50500
2012-08-08,16.98,17.09,16.950001,17.08,15.336526,300900
2012-08-09,17.08,17.120001,17.030001,17.09,15.345506,96500
2012-08-10,17.07,17.18,17.02,17.17,15.417343,54700
2012-08-13,17.07,17.120001,16.969999,17.040001,15.300611,93100
2012-08-14,17.120001,17.139999,17.030001,17.040001,15.300611,77200
2012-08-15,17.02,17.139999,17.02,17.120001,15.372444,30500
2012-08-16,17.09,17.17,17.01,17.09,15.345506,262400
2012-08-17,17.059999,17.059999,16.969999,17.030001,15.291627,68800
2012-08-20,16.969999,17.1,16.6,17.049999,15.309587,40500
2012-08-21,17.129999,17.190001,16.99,17.040001,15.300611,108500
2012-08-22,16.99,17.1,16.93,17.08,15.336526,32500
2012-08-23,17.049999,17.049999,16.950001,16.969999,15.237756,130600
2012-08-24,16.969999,17.1,16.950001,17.059999,15.318569,16200
2012-08-27,17.059999,17.059999,16.959999,16.959999,15.228772,22400
2012-08-28,16.940001,16.959999,16.889999,16.9,15.174901,60700
2012-08-29,16.9,16.9,16.780001,16.809999,15.094088,24000
2012-08-30,16.73,16.73,16.559999,16.65,14.950418,179500
2012-08-31,16.85,16.879999,16.76,16.83,15.112047,24800
2012-09-04,16.809999,16.889999,16.709999,16.76,15.049189,171700
2012-09-05,16.74,16.74,16.65,16.66,14.959397,89400
2012-09-06,16.709999,16.959999,16.709999,16.940001,15.210818,35800
2012-09-07,17.049999,17.129999,17.049999,17.1,15.354483,138100
2012-09-10,17.08,17.09,16.950001,16.959999,15.228772,118500
2012-09-11,17.049999,17.110001,17.030001,17.08,15.336526,38400
2012-09-12,17.09,17.09,16.959999,17.07,15.327546,93500
2012-09-13,17.059999,17.49,17.01,17.450001,15.668759,46600
2012-09-14,17.450001,17.65,17.450001,17.540001,15.749574,291100
2012-09-17,17.469999,17.48,17.370001,17.389999,15.614879,99400
2012-09-18,17.370001,17.4,17.309999,17.360001,15.587948,61200
2012-09-19,17.379999,17.43,17.33,17.389999,15.614879,169600
2012-09-20,17.27,17.33,17.190001,17.299999,15.534064,65200
2012-09-21,17.469999,17.530001,17.360001,17.370001,15.59692,62200
2012-09-24,17.299999,17.370001,17.280001,17.35,15.578963,65500
2012-09-25,17.4,17.51,17.25,17.25,15.489169,48400
2012-09-26,17.219999,17.27,17.1,17.200001,15.444279,115400
2012-09-27,17.360001,17.5,17.290001,17.459999,15.677735,124700
2012-09-28,17.34,17.360001,17.26,17.26,15.498151,165500
2012-10-01,17.42,17.450001,17.309999,17.370001,15.59692,94800
2012-10-02,17.48,17.49,17.360001,17.43,15.6508,412200
2012-10-03,17.5,17.5,17.35,17.41,15.632841,85600
2012-10-04,17.469999,17.57,17.43,17.540001,15.749574,117000
2012-10-05,17.66,17.709999,17.530001,17.549999,15.758553,74400
2012-10-08,17.459999,17.48,17.41,17.459999,15.677735,58800
2012-10-09,17.4,17.4,17.23,17.280001,15.516111,58900
2012-10-10,17.299999,17.34,17.23,17.25,15.489169,15000
2012-10-11,17.4,17.450001,17.379999,17.389999,15.614879,47200
2012-10-12,17.51,17.530001,17.41,17.450001,15.668759,61800
2012-10-15,17.49,17.57,17.450001,17.549999,15.758553,78700
2012-10-16,17.57,17.66,17.57,17.610001,15.812428,33000
2012-10-17,17.67,17.790001,17.639999,17.75,15.938135,62400
2012-10-18,17.620001,17.700001,17.57,17.629999,15.830379,70800
2012-10-19,17.58,17.58,17.33,17.360001,15.587948,98300
2012-10-22,17.59,17.629999,17.51,17.620001,15.821405,54800
2012-10-23,17.379999,17.42,17.26,17.4,15.623861,84500
2012-10-24,17.52,17.540001,17.42,17.440001,15.659775,80800
2012-10-25,17.549999,17.559999,17.450001,17.5,15.713655,54400
2012-10-26,17.469999,17.469999,17.379999,17.440001,15.659775,50300
2012-10-31,17.5,17.52,17.4,17.49,15.704669,91500
2012-11-01,17.59,17.65,17.5,17.620001,15.821405,89900
2012-11-02,17.65,17.65,17.4,17.42,15.641819,73700
2012-11-05,17.450001,17.559999,17.42,17.540001,15.749574,108100
2012-11-06,17.57,17.709999,17.559999,17.690001,15.884258,171100
2012-11-07,17.530001,17.530001,17.34,17.43,15.6508,225300
2012-11-08,17.52,17.559999,17.299999,17.299999,15.534064,58700
2012-11-09,17.43,17.58,17.43,17.459999,15.677735,55800
2012-11-12,17.6,17.610001,17.530001,17.59,15.794467,36900
2012-11-13,17.530001,17.620001,17.469999,17.530001,15.740587,304700
2012-11-14,17.52,17.58,17.209999,17.24,15.480196,71000
2012-11-15,17.23,17.35,17.200001,17.299999,15.534064,134400
2012-11-16,17.32,17.360001,17.200001,17.360001,15.587948,90500
2012-11-19,17.58,17.700001,17.58,17.700001,15.893242,152300
2012-11-20,17.59,17.59,17.469999,17.58,15.785484,353200
2012-11-21,17.549999,17.6,17.5,17.59,15.794467,49600
2012-11-23,17.68,17.709999,17.65,17.709999,15.902215,19200
2012-11-26,17.629999,17.719999,17.629999,17.719999,15.911197,103400
2012-11-27,17.65,17.68,17.58,17.59,15.794467,82300
2012-11-28,17.58,17.75,17.5,17.74,15.929153,94100
2012-11-29,17.82,17.889999,17.780001,17.870001,16.045881,78100
2012-11-30,17.91,17.93,17.85,17.9,16.072821,117100
2012-12-03,17.950001,17.99,17.92,17.940001,16.10874,73200
2012-12-04,17.92,17.99,17.92,17.969999,16.135677,50800
2012-12-05,17.99,18.110001,17.959999,18.02,16.180573,88700
2012-12-06,17.959999,18.08,17.959999,18.08,16.234449,125000
2012-12-07,18.049999,18.16,18.049999,18.16,16.306284,214400
2012-12-10,18.09,18.25,18.09,18.200001,16.342199,178500
2012-12-11,18.16,18.32,18.16,18.26,16.396078,168100
2012-12-12,18.27,18.370001,18.23,18.24,16.378119,267100
2012-12-13,18.25,18.27,18.129999,18.17,16.315262,492600
2012-12-14,18.209999,18.26,18.18,18.18,16.324244,237800
2012-12-17,18.200001,18.25,18.17,18.23,16.369139,102500
2012-12-18,18.24,18.41,18.200001,18.379999,16.503824,204900
2012-12-19,18.389999,18.440001,18.360001,18.379999,16.503824,211900
2012-12-20,18.35,18.459999,18.32,18.43,16.548721,527500
2012-12-21,18.26,18.27,18.17,18.24,16.405712,211700
2012-12-24,18.360001,19.43,18.27,18.299999,16.459681,95800
2012-12-26,18.43,18.43,18.280001,18.290001,16.450687,71500
2012-12-27,18.370001,18.43,18.23,18.35,16.504648,175700
2012-12-28,18.360001,18.43,18.309999,18.35,16.504648,87900
2012-12-31,18.440001,18.610001,18.34,18.59,16.720514,270800
2013-01-02,18.709999,18.860001,18.709999,18.860001,16.963362,227300
2013-01-03,18.690001,19.02,18.620001,18.68,16.80146,935100
2013-01-04,18.73,18.799999,18.629999,18.77,16.882412,502100
2013-01-07,18.75,18.76,18.700001,18.74,16.855429,109600
2013-01-08,18.700001,18.799999,18.639999,18.690001,16.810457,210600
2013-01-09,18.809999,18.84,18.75,18.809999,16.918394,204400
2013-01-10,18.790001,18.82,18.690001,18.809999,16.918394,408100
2013-01-11,18.790001,18.790001,18.700001,18.76,16.873419,328500
2013-01-14,18.85,18.85,18.68,18.82,16.92738,210800
2013-01-15,18.719999,18.74,18.67,18.74,16.855429,313600
2013-01-16,18.620001,18.75,18.620001,18.73,16.846436,155200
2013-01-17,18.83,18.870001,18.75,18.82,16.92738,204600
2013-01-18,18.870001,18.92,18.82,18.9,16.99934,254000
2013-01-22,18.83,18.870001,18.790001,18.860001,16.963362,172200
2013-01-23,18.719999,18.77,18.68,18.719999,16.837439,147400
2013-01-24,18.860001,18.870001,18.76,18.790001,16.900402,367500
2013-01-25,18.85,18.889999,18.75,18.83,16.936375,405400
2013-01-28,18.76,18.76,18.620001,18.690001,16.810457,370000
2013-01-29,18.74,18.959999,18.74,18.940001,17.035315,249000
2013-01-30,18.85,18.9,18.790001,18.82,16.92738,1002400
2013-01-31,18.860001,18.860001,18.73,18.76,16.873419,619500
2013-02-01,18.870001,18.99,18.84,18.959999,17.053303,919800
2013-02-04,18.93,18.93,18.780001,18.84,16.945374,1082900
2013-02-05,19.08,19.09,18.98,19.049999,17.134253,698900
2013-02-06,19.0,19.02,18.940001,19.02,17.107269,337800
2013-02-07,19.02,19.030001,18.790001,18.870001,16.972355,198000
2013-02-08,18.879999,19.0,18.870001,19.0,17.089287,87100
2013-02-11,18.99,19.0,18.92,18.98,17.071291,200200
2013-02-12,19.040001,19.139999,18.99,19.1,17.179228,193100
2013-02-13,19.209999,19.26,19.17,19.23,17.296152,684500
2013-02-14,19.209999,19.280001,19.18,19.280001,17.341125,185100
2013-02-15,19.299999,19.299999,19.190001,19.24,17.305147,255000
2013-02-19,19.290001,19.4,19.27,19.370001,17.422073,182700
2013-02-20,19.440001,19.440001,19.190001,19.209999,17.278164,257300
2013-02-21,19.18,19.18,18.959999,19.059999,17.143248,275800
2013-02-22,19.23,19.23,19.129999,19.219999,17.287155,141900
2013-02-25,19.469999,19.5,19.129999,19.15,17.224199,171700
2013-02-26,19.370001,19.42,19.280001,19.379999,17.431063,377200
2013-02-27,19.440001,19.75,19.440001,19.690001,17.709894,358100
2013-02-28,19.73,19.809999,19.639999,19.690001,17.709894,370000
2013-03-01,19.66,19.83,19.629999,19.790001,17.799841,207400
2013-03-04,19.67,19.75,19.610001,19.74,17.754868,337800
2013-03-05,19.889999,20.0,19.879999,19.959999,17.95274,286700
2013-03-06,20.0,20.059999,19.99,20.059999,18.042681,183000
2013-03-07,20.049999,20.049999,19.99,20.02,18.00671,337800
2013-03-08,20.190001,20.25,20.1,20.24,18.204586,133200
2013-03-11,20.24,20.290001,20.17,20.280001,18.240562,289900
2013-03-12,20.23,20.280001,20.15,20.219999,18.186594,170500
2013-03-13,20.209999,20.209999,20.07,20.07,18.051682,227600
2013-03-14,20.17,20.200001,20.110001,20.200001,18.1686,135700
2013-03-15,20.23,20.23,20.1,20.120001,18.096655,152300
2013-03-18,20.059999,20.120001,20.0,20.040001,18.0247,201700
2013-03-19,20.059999,20.09,19.76,19.879999,17.880785,285100
2013-03-20,19.940001,20.030001,19.92,19.969999,17.961731,427600
2013-03-21,19.93,19.93,19.809999,19.84,17.844809,353800
2013-03-22,19.74,19.77,19.639999,19.77,17.781845,195800
2013-03-25,19.91,19.940001,19.74,19.799999,17.808832,266500
2013-03-26,20.040001,20.16,20.01,20.16,18.132627,245000
2013-03-27,20.08,20.23,20.030001,20.209999,18.177599,337600
2013-03-28,20.23,20.25,20.110001,20.23,18.195591,152500
2013-04-01,20.27,20.27,20.08,20.110001,18.087654,227500
2013-04-02,20.129999,20.17,20.059999,20.120001,18.096655,282800
2013-04-03,20.040001,20.040001,19.76,19.82,17.826818,360100
2013-04-04,19.870001,19.870001,19.719999,19.82,17.826818,92800
2013-04-05,19.66,19.82,19.57,19.82,17.826818,275300
2013-04-08,19.77,19.799999,19.68,19.790001,17.799841,175100
2013-04-09,19.82,19.950001,19.709999,19.870001,17.871794,111000
2013-04-10,20.120001,20.25,20.09,20.16,18.132627,248300
2013-04-11,20.299999,20.35,20.219999,20.33,18.285532,159300
2013-04-12,20.309999,20.309999,20.129999,20.209999,18.177599,235200
2013-04-15,20.17,20.200001,19.85,19.860001,17.862799,207400
2013-04-16,20.18,20.299999,20.129999,20.26,18.22257,140500
2013-04-17,20.309999,20.32,20.07,20.209999,18.177599,217200
2013-04-18,20.42,20.42,20.190001,20.26,18.22257,506700
2013-04-19,20.379999,20.440001,20.33,20.41,18.357489,139600
2013-04-22,20.57,20.629999,20.459999,20.6,18.528385,154900
2013-04-23,20.6,20.73,20.549999,20.690001,18.609333,310800
2013-04-24,20.66,20.790001,20.66,20.74,18.654303,158600
2013-04-25,20.780001,20.940001,20.780001,20.879999,18.78022,168000
2013-04-26,20.77,20.790001,20.700001,20.74,18.654303,196100
2013-04-29,20.9,20.950001,20.84,20.93,18.825193,254300
2013-04-30,20.93,21.07,20.83,21.040001,18.924131,138100
2013-05-01,21.110001,21.129999,20.790001,20.83,18.735252,323300
2013-05-02,20.92,21.0,20.870001,20.99,18.879158,154400
2013-05-03,21.139999,21.209999,21.040001,21.139999,19.014076,153400
2013-05-06,21.24,21.26,21.200001,21.200001,19.068039,322300
2013-05-07,21.23,21.440001,21.23,21.41,19.256926,532300
2013-05-08,21.51,21.629999,21.51,21.620001,19.44581,531000
2013-05-09,21.620001,21.620001,21.41,21.450001,19.2929,222300
2013-05-10,21.43,21.450001,21.290001,21.41,19.256926,236200
2013-05-13,21.309999,21.389999,21.280001,21.309999,19.166981,171600
2013-05-14,21.35,21.5,21.35,21.48,19.319883,218600
2013-05-15,21.450001,21.549999,21.41,21.530001,19.364859,768700
2013-05-16,21.450001,21.469999,21.299999,21.35,19.202957,516700
2013-05-17,21.42,21.42,21.33,21.379999,19.229939,117600
2013-05-20,21.41,21.440001,21.34,21.41,19.256926,223000
2013-05-21,21.42,21.42,21.17,21.299999,19.157984,348600
2013-05-22,21.299999,21.459999,20.959999,21.049999,18.933128,411100
2013-05-23,20.77,20.870001,20.549999,20.870001,18.771229,180000
2013-05-24,20.790001,20.790001,20.629999,20.74,18.654303,200300
2013-05-28,21.040001,21.040001,20.860001,20.92,18.8162,212700
2013-05-29,20.92,20.93,20.75,20.809999,18.717258,228000
2013-05-30,20.67,20.73,20.57,20.629999,18.55537,568800
2013-05-31,20.5,20.5,20.25,20.280001,18.240562,802300
2013-06-03,20.030001,20.049999,19.780001,20.02,18.00671,659100
2013-06-04,20.07,20.07,19.77,19.790001,17.799841,490600
2013-06-05,19.77,19.77,19.26,19.27,17.332129,440900
2013-06-06,19.15,19.25,18.99,19.25,17.314142,533300
2013-06-07,19.33,19.530001,19.280001,19.389999,17.440067,573900
2013-06-10,19.27,19.27,19.040001,19.08,17.161236,398000
2013-06-11,18.620001,18.67,18.389999,18.530001,16.66655,1885500
2013-06-12,18.719999,18.790001,18.360001,18.41,16.558615,1447200
2013-06-13,18.280001,18.67,18.25,18.67,16.792471,601300
2013-06-14,18.860001,18.92,18.549999,18.59,16.720514,440900
2013-06-17,18.84,18.940001,18.73,18.77,16.882412,492800
2013-06-18,18.780001,18.879999,18.76,18.870001,16.972355,367100
2013-06-19,18.690001,18.799999,18.209999,18.209999,16.378729,276800
2013-06-20,17.77,17.780001,16.959999,17.1,15.380353,664200
2013-06-21,17.25,17.41,16.959999,17.360001,15.662756,1233000
2013-06-24,16.83,16.92,16.530001,16.780001,15.13946,1475100
2013-06-25,17.01,17.059999,16.879999,17.049999,15.38306,620400
2013-06-26,17.52,17.83,17.52,17.75,16.014624,803800
2013-06-27,18.02,18.280001,18.02,18.27,16.483782,465400
2013-06-28,17.9,18.08,17.790001,18.01,16.249212,665000
2013-07-01,18.33,18.34,18.110001,18.15,16.375517,277600
2013-07-02,18.23,18.370001,17.84,17.99,16.231155,894900
2013-07-03,17.76,17.969999,17.73,17.83,16.086805,253200
2013-07-05,17.99,17.99,17.48,17.690001,15.960491,183800
2013-07-08,17.59,17.700001,17.530001,17.549999,15.834179,155900
2013-07-09,17.700001,17.700001,17.59,17.66,15.933421,220000
2013-07-10,17.66,17.75,17.6,17.690001,15.960491,312800
2013-07-11,18.1,18.42,18.040001,18.370001,16.574011,197600
2013-07-12,18.219999,18.23,18.09,18.190001,16.411606,204200
2013-07-15,18.280001,18.51,18.280001,18.459999,16.65521,184600
2013-07-16,18.6,18.6,18.4,18.549999,16.736408,128700
2013-07-17,18.67,18.76,18.639999,18.73,16.898813,238500
2013-07-18,18.73,18.76,18.620001,18.67,16.844681,185600
2013-07-19,18.68,18.68,18.549999,18.6,16.781523,303600
2013-07-22,18.620001,18.77,18.549999,18.76,16.92588,115400
2013-07-23,18.92,18.99,18.809999,18.969999,17.115345,316000
2013-07-24,18.91,18.91,18.629999,18.719999,16.889788,261200
2013-07-25,18.620001,18.700001,18.51,18.690001,16.862722,74900
2013-07-26,18.5,18.639999,18.370001,18.629999,16.808588,292800
2013-07-29,18.450001,18.469999,18.290001,18.33,16.537916,205200
2013-07-30,18.389999,18.389999,18.219999,18.25,16.465742,166800
2013-07-31,18.200001,18.370001,18.1,18.209999,16.429651,121500
2013-08-01,18.440001,18.58,18.35,18.549999,16.736408,452800
2013-08-02,18.5,18.700001,18.41,18.66,16.835653,608000
2013-08-05,18.65,18.65,18.52,18.610001,16.790543,251800
2013-08-06,18.59,18.59,18.379999,18.5,16.691298,227700
2013-08-07,18.35,18.440001,18.290001,18.360001,16.564989,113400
2013-08-08,18.549999,18.709999,18.450001,18.65,16.826633,104900
2013-08-09,18.65,18.700001,18.610001,18.629999,16.808588,62400
2013-08-12,18.559999,18.68,18.51,18.59,16.772499,69600
2013-08-13,18.68,18.719999,18.58,18.700001,16.871748,108700
2013-08-14,18.780001,18.870001,18.75,18.799999,16.961967,201900
2013-08-15,18.540001,18.58,18.370001,18.52,16.709343,193400
2013-08-16,18.49,18.57,18.34,18.379999,16.583031,226200
2013-08-19,18.09,18.09,17.780001,17.809999,16.068756,295600
2013-08-20,17.57,17.67,17.5,17.6,15.879286,148900
2013-08-21,17.5,17.5,17.08,17.09,15.419152,400100
2013-08-22,17.08,17.23,17.07,17.190001,15.509377,220900
2013-08-23,17.219999,17.290001,17.15,17.24,15.554487,251800
2013-08-26,17.299999,17.299999,16.98,17.0,15.337951,291800
2013-08-27,16.49,16.5,16.139999,16.16,14.580074,631600
2013-08-28,16.1,16.280001,16.049999,16.120001,14.543985,380500
2013-08-29,16.41,16.57,16.33,16.35,14.751499,641500
2013-08-30,16.75,16.780001,16.540001,16.620001,14.995103,536100
2013-09-03,16.889999,16.950001,16.629999,16.65,15.022168,310300
2013-09-04,16.690001,16.9,16.68,16.870001,15.22066,347300
2013-09-05,16.73,16.959999,16.73,16.9,15.247729,224100
2013-09-06,17.139999,17.309999,16.99,17.24,15.554487,186900
2013-09-09,17.389999,17.76,17.379999,17.73,15.996583,116400
2013-09-10,17.99,18.059999,17.84,18.059999,16.294317,280700
2013-09-11,17.940001,18.049999,17.879999,18.040001,16.27627,69200
2013-09-12,18.030001,18.139999,17.9,17.9,16.149958,128400
2013-09-13,18.08,18.15,18.0,18.15,16.375517,96600
2013-09-16,18.51,18.68,18.51,18.52,16.709343,169800
2013-09-17,18.52,18.58,18.5,18.57,16.754457,133100
2013-09-18,18.4,19.450001,18.32,19.43,17.530375,198600
2013-09-19,19.379999,19.48,19.290001,19.41,17.512329,320000
2013-09-20,19.110001,19.110001,18.790001,18.84,17.068403,294400
2013-09-23,18.700001,18.889999,18.700001,18.860001,17.086525,305700
2013-09-24,18.700001,18.780001,18.549999,18.629999,16.878153,264700
2013-09-25,18.610001,18.690001,18.52,18.549999,16.805676,206400
2013-09-26,18.620001,18.790001,18.59,18.620001,16.869102,209300
2013-09-27,18.57,18.57,18.4,18.440001,16.70602,116500
2013-09-30,18.1,18.190001,17.99,18.07,16.370815,282900
2013-10-01,18.15,18.459999,18.15,18.459999,16.72414,275400
2013-10-02,18.4,18.549999,18.280001,18.549999,16.805676,301100
2013-10-03,18.58,18.66,18.299999,18.440001,16.70602,275900
2013-10-04,18.629999,18.74,18.52,18.68,16.92345,821300
2013-10-07,18.610001,18.610001,18.41,18.5,16.760378,131100
2013-10-08,18.5,18.549999,18.1,18.110001,16.407053,272700
2013-10-09,18.200001,18.41,18.07,18.24,16.524828,132700
2013-10-10,18.6,18.799999,18.450001,18.790001,17.023109,122100
2013-10-11,18.74,18.870001,18.65,18.85,17.077469,110000
2013-10-14,18.75,18.940001,18.639999,18.889999,17.113705,136300
2013-10-15,18.76,18.940001,18.690001,18.77,17.00499,119600
2013-10-16,18.75,18.969999,18.75,18.93,17.149946,359400
2013-10-17,18.959999,19.1,18.85,19.07,17.276777,320100
2013-10-18,19.110001,19.26,19.09,19.200001,17.394556,290500
2013-10-21,19.26,19.26,19.01,19.07,17.276777,245100
2013-10-22,19.17,19.440001,19.17,19.35,17.530453,193700
2013-10-23,19.129999,19.16,18.969999,19.0,17.213362,104100
2013-10-24,19.18,19.18,18.98,19.040001,17.249603,113800
2013-10-25,19.120001,19.120001,18.969999,19.08,17.285837,102500
2013-10-28,19.120001,19.120001,19.0,19.059999,17.267715,96700
2013-10-29,19.09,19.120001,19.02,19.110001,17.313015,113300
2013-10-30,19.17,19.17,18.77,18.91,17.131823,83400
2013-10-31,19.02,19.02,18.75,18.75,16.98687,98300
2013-11-01,18.67,18.790001,18.559999,18.719999,16.959688,547900
2013-11-04,18.719999,18.799999,18.67,18.799999,17.032167,147200
2013-11-05,18.629999,18.719999,18.540001,18.59,16.841917,290900
2013-11-06,18.709999,18.709999,18.51,18.57,16.823797,161300
2013-11-07,18.48,18.540001,18.129999,18.18,16.47047,177400
2013-11-08,18.01,18.07,17.93,18.07,16.370815,551800
2013-11-11,17.91,18.110001,17.889999,17.950001,16.262094,108400
2013-11-12,18.0,18.059999,17.76,17.860001,16.180565,188400
2013-11-13,17.9,18.09,17.790001,18.09,16.388935,156700
2013-11-14,18.110001,18.389999,18.01,18.35,16.624483,242800
2013-11-15,18.459999,18.700001,18.360001,18.620001,16.869102,161100
2013-11-18,18.83,18.85,18.629999,18.65,16.896271,88500
2013-11-19,18.66,18.66,18.389999,18.42,16.687899,105600
2013-11-20,18.530001,18.530001,18.190001,18.24,16.524828,78500
2013-11-21,18.08,18.27,18.08,18.200001,16.48859,217100
2013-11-22,18.200001,18.200001,18.08,18.139999,16.434229,200700
2013-11-25,18.15,18.219999,17.92,17.92,16.234917,205000
2013-11-26,17.98,18.129999,17.940001,18.07,16.370815,114100
2013-11-27,18.1,18.309999,18.1,18.290001,16.570126,153300
2013-11-29,18.33,18.59,18.33,18.540001,16.796621,63300
2013-12-02,18.540001,18.540001,18.23,18.26,16.542944,108600
2013-12-03,18.15,18.26,18.0,18.129999,16.425163,248600
2013-12-04,18.01,18.18,17.959999,18.129999,16.425163,98200
2013-12-05,18.01,18.299999,18.01,18.1,16.397989,53400
2013-12-06,18.43,18.49,18.309999,18.360001,16.633543,189000
2013-12-09,18.32,18.49,18.32,18.389999,16.660723,101500
2013-12-10,18.290001,18.459999,18.290001,18.43,16.696962,84100
2013-12-11,18.360001,18.440001,18.040001,18.120001,16.416113,330000
2013-12-12,18.030001,18.1,17.9,18.01,16.316458,188500
2013-12-13,18.0,18.1,17.379999,18.059999,16.36175,92300
2013-12-16,18.08,18.27,18.040001,18.190001,16.479527,86900
2013-12-17,18.08,18.17,18.0,18.07,16.370815,135700
2013-12-18,18.139999,18.49,17.68,18.280001,16.561069,252700
2013-12-19,18.049999,18.1,17.889999,18.059999,16.36175,117500
2013-12-20,17.9,18.030001,17.860001,17.9,16.298014,212300
2013-12-23,17.950001,17.99,17.870001,17.91,16.307117,145500
2013-12-24,17.91,18.129999,17.9,18.02,16.407278,48400
2013-12-26,17.889999,17.99,17.889999,17.9,16.298014,86900
2013-12-27,17.940001,18.059999,17.870001,18.059999,16.443695,146500
2013-12-30,17.950001,18.23,17.940001,18.23,16.598486,277200
2013-12-31,18.1,18.24,18.049999,18.17,16.543856,147200
2014-01-02,18.0,18.0,17.65,17.700001,16.115923,211200
2014-01-03,17.84,17.91,17.75,17.85,16.252491,153000
2014-01-06,17.799999,17.85,17.66,17.67,16.088602,191300
2014-01-07,17.76,17.91,17.76,17.809999,16.216072,180500
2014-01-08,17.83,17.879999,17.719999,17.790001,16.197863,267900
2014-01-09,17.67,17.77,17.51,17.620001,16.043077,177600
2014-01-10,17.620001,17.879999,17.620001,17.860001,16.2616,168700
2014-01-13,17.76,17.92,17.48,17.5,15.933818,204300
2014-01-14,17.620001,17.73,17.49,17.709999,16.125017,128600
2014-01-15,17.67,17.690001,17.559999,17.620001,16.043077,238400
2014-01-16,17.51,17.620001,17.42,17.48,15.915604,267000
2014-01-17,17.450001,17.5,17.360001,17.43,15.870082,224100
2014-01-21,17.469999,17.51,17.32,17.41,15.851871,191000
2014-01-22,17.540001,17.59,17.43,17.549999,15.979343,287400
2014-01-23,17.33,17.43,17.02,17.120001,15.587826,201800
2014-01-24,17.0,17.01,16.66,16.68,15.187201,813100
2014-01-27,16.709999,16.790001,16.49,16.639999,15.150781,824100
2014-01-28,16.75,16.870001,16.73,16.82,15.314672,192800
2014-01-29,16.690001,16.799999,16.549999,16.610001,15.123469,397700
2014-01-30,16.85,16.85,16.68,16.709999,15.214518,590500
2014-01-31,16.540001,16.799999,16.5,16.76,15.260041,431000
2014-02-03,16.700001,16.74,16.309999,16.35,14.886737,577800
2014-02-04,16.540001,16.77,16.540001,16.68,15.187201,576200
2014-02-05,16.6,16.74,16.48,16.629999,15.141675,240400
2014-02-06,16.65,16.889999,16.65,16.84,15.332881,294800
2014-02-07,16.98,17.059999,16.879999,16.99,15.46946,153100
2014-02-10,16.940001,17.030001,16.879999,16.940001,15.423935,114000
2014-02-11,17.07,17.25,17.02,17.23,15.687977,154900
2014-02-12,17.219999,17.4,17.200001,17.25,15.706188,65100
2014-02-13,16.98,17.34,16.98,17.280001,15.733506,97000
2014-02-14,17.360001,17.549999,17.360001,17.5,15.933818,115500
2014-02-18,17.5,17.530001,17.370001,17.379999,15.824557,89900
2014-02-19,17.35,17.48,17.25,17.27,15.724403,109000
2014-02-20,17.24,17.42,17.139999,17.370001,15.81545,77500
2014-02-21,17.35,17.43,17.309999,17.4,15.842763,58900
2014-02-24,17.35,17.549999,17.32,17.42,15.860974,66800
2014-02-25,17.389999,17.48,17.24,17.27,15.724403,94200
2014-02-26,17.360001,17.450001,17.26,17.34,15.788132,125000
2014-02-27,17.450001,17.67,17.450001,17.6,16.024866,94100
2014-02-28,17.629999,17.780001,17.52,17.59,16.015764,104600
2014-03-03,17.43,17.540001,17.35,17.42,15.860974,82900
2014-03-04,17.709999,17.73,17.6,17.709999,16.125017,85600
2014-03-05,17.790001,17.790001,17.67,17.77,16.179649,51000
2014-03-06,17.879999,18.139999,17.879999,18.1,16.480116,535900
2014-03-07,18.0,18.0,17.790001,17.889999,16.28891,163600
2014-03-10,17.82,17.82,17.690001,17.809999,16.216072,122700
2014-03-11,17.9,17.99,17.639999,17.690001,16.106813,260800
2014-03-12,17.549999,17.75,17.549999,17.73,16.143236,55600
2014-03-13,17.83,17.85,17.43,17.530001,15.961129,78700
2014-03-14,17.450001,17.6,17.450001,17.549999,15.979343,110200
2014-03-17,17.6,17.690001,17.57,17.629999,16.052179,54500
2014-03-18,17.6,17.83,17.6,17.799999,16.206968,73100
2014-03-19,17.67,17.77,17.379999,17.49,15.924708,53900
2014-03-20,17.33,17.459999,17.280001,17.389999,15.833658,539400
2014-03-21,17.51,17.639999,17.389999,17.43,15.870082,71600
2014-03-24,17.48,17.48,17.34,17.379999,15.824557,42800
2014-03-25,17.4,17.49,17.379999,17.440001,15.879184,366100
2014-03-26,17.5,17.58,17.41,17.42,15.860974,132200
2014-03-27,17.34,17.52,17.34,17.459999,15.897394,53300
2014-03-28,17.5,17.73,17.5,17.629999,16.052179,211400
2014-03-31,17.66,17.799999,17.639999,17.700001,16.115923,91500
2014-04-01,17.9,18.02,17.85,18.02,16.407278,167900
2014-04-02,17.91,17.98,17.91,17.959999,16.352648,87400
2014-04-03,17.9,17.92,17.77,17.889999,16.28891,125700
2014-04-04,17.959999,18.08,17.700001,17.719999,16.134127,54100
2014-04-07,17.709999,17.73,17.549999,17.620001,16.043077,68900
2014-04-08,17.790001,17.85,17.68,17.74,16.152334,162000
2014-04-09,17.860001,18.08,17.809999,18.0,16.389069,64400
2014-04-10,18.01,18.110001,17.77,17.83,16.234285,132800
2014-04-11,17.719999,17.82,17.67,17.75,16.161442,56100
2014-04-14,17.790001,17.889999,17.629999,17.73,16.143236,72500
2014-04-15,17.57,17.629999,17.27,17.540001,15.970238,97600
2014-04-16,17.719999,17.84,17.629999,17.809999,16.216072,119000
2014-04-17,17.92,18.110001,17.889999,18.049999,16.434589,276100
2014-04-21,17.98,18.049999,17.92,17.99,16.379959,206700
2014-04-22,18.02,18.129999,17.98,18.0,16.389069,143900
2014-04-23,17.99,18.040001,17.82,17.870001,16.270702,73500
2014-04-24,17.809999,17.879999,17.74,17.809999,16.216072,146300
2014-04-25,17.700001,17.799999,17.559999,17.65,16.070393,153900
2014-04-28,17.73,17.73,17.530001,17.67,16.088602,58600
2014-04-29,17.77,17.889999,17.75,17.809999,16.216072,116400
2014-04-30,17.75,17.870001,17.709999,17.83,16.234285,147400
2014-05-01,17.85,17.940001,17.790001,17.870001,16.270702,41900
2014-05-02,17.85,17.99,17.83,17.91,16.307117,70300
2014-05-05,17.91,17.92,17.780001,17.92,16.316227,62200
2014-05-06,17.940001,18.049999,17.9,17.92,16.316227,56000
2014-05-07,17.780001,17.950001,17.780001,17.91,16.307117,122500
2014-05-08,17.889999,18.0,17.860001,17.889999,16.28891,85900
2014-05-09,17.870001,17.940001,17.82,17.889999,16.28891,56800
2014-05-12,18.09,18.120001,18.030001,18.1,16.480116,69000
2014-05-13,18.129999,18.139999,18.040001,18.120001,16.498331,254000
2014-05-14,18.120001,18.25,18.120001,18.200001,16.571171,164200
2014-05-15,18.16,18.16,17.93,18.01,16.398176,285300
2014-05-16,18.16,18.200001,17.99,18.190001,16.562061,42800
2014-05-19,18.190001,18.26,18.17,18.23,16.598486,37800
2014-05-20,18.08,18.120001,17.959999,18.01,16.398176,176600
2014-05-21,18.129999,18.24,18.129999,18.200001,16.571171,43400
2014-05-22,18.33,18.360001,18.309999,18.34,16.698637,269900
2014-05-23,18.35,18.41,18.35,18.41,16.762373,33300
2014-05-27,18.360001,18.4,18.219999,18.309999,16.671326,118400
2014-05-28,18.360001,18.4,18.280001,18.389999,16.744164,121700
2014-05-29,18.370001,18.540001,18.370001,18.469999,16.817001,87200
2014-05-30,18.49,18.52,18.35,18.389999,16.744164,86900
2014-06-02,18.4,18.42,18.299999,18.34,16.698637,131100
2014-06-03,18.360001,18.549999,18.34,18.51,16.853424,98200
2014-06-04,18.5,18.51,18.41,18.440001,16.789688,187900
2014-06-05,18.57,18.700001,18.549999,18.65,16.980892,180200
2014-06-06,18.75,18.799999,18.6,18.74,17.062841,210500
2014-06-09,18.74,18.75,18.66,18.709999,17.035528,143200
2014-06-10,18.66,18.719999,18.639999,18.719999,17.044626,92600
2014-06-11,18.65,18.68,18.610001,18.66,16.989998,158600
2014-06-12,18.59,18.639999,18.469999,18.540001,16.880743,56600
2014-06-13,18.530001,18.57,18.440001,18.559999,16.898947,53400
2014-06-16,18.5,18.57,18.440001,18.51,16.853424,76000
2014-06-17,18.49,18.530001,18.43,18.48,16.826113,104200
2014-06-18,18.459999,18.690001,18.42,18.68,17.008209,71600
2014-06-19,18.68,18.700001,18.559999,18.639999,16.971792,52200
2014-06-20,18.67,18.700001,18.59,18.65,16.980892,34900
2014-06-23,18.57,18.620001,18.540001,18.6,16.935371,73500
2014-06-24,18.639999,18.74,18.5,18.52,16.862526,35500
2014-06-25,18.459999,18.559999,18.440001,18.540001,16.880743,70600
2014-06-26,18.690001,18.690001,18.540001,18.639999,16.971792,39100
2014-06-27,18.57,18.610001,18.530001,18.58,16.917158,123600
2014-06-30,18.75,18.75,18.6,18.620001,16.953587,222800
2014-07-01,18.700001,18.82,18.700001,18.76,17.081053,61400
2014-07-02,18.75,18.83,18.700001,18.780001,17.099266,113000
2014-07-03,18.75,18.9,18.700001,18.9,17.208523,38400
2014-07-07,18.9,18.969999,18.870001,18.940001,17.244938,107800
2014-07-08,18.99,18.99,18.91,18.959999,17.263151,99900
2014-07-09,19.0,19.139999,18.98,19.129999,17.417936,60900
2014-07-10,18.85,19.059999,18.809999,19.040001,17.335995,95700
2014-07-11,18.959999,19.040001,18.950001,19.030001,17.326885,88800
2014-07-14,19.15,19.200001,19.110001,19.15,17.436146,100500
2014-07-15,19.129999,19.129999,18.969999,19.049999,17.345095,119000
2014-07-16,19.299999,19.299999,19.059999,19.08,17.37241,135400
2014-07-17,18.9,18.969999,18.66,18.700001,17.026424,275500
2014-07-18,18.870001,18.98,18.809999,18.959999,17.263151,152600
2014-07-21,18.809999,18.969999,18.799999,18.959999,17.263151,71200
2014-07-22,19.17,19.200001,19.139999,19.16,17.445253,97700
2014-07-23,19.209999,19.24,19.139999,19.209999,17.490776,232000
2014-07-24,19.08,19.110001,19.01,19.059999,17.354198,44300
2014-07-25,19.040001,19.129999,18.98,19.01,17.308676,193000
2014-07-28,19.08,19.190001,19.040001,19.16,17.445253,223300
2014-07-29,19.1,19.1,19.0,19.02,17.31778,126300
2014-07-30,19.059999,19.08,18.870001,18.92,17.22673,82900
2014-07-31,18.799999,18.799999,18.6,18.620001,16.953587,118600
2014-08-01,18.700001,18.809999,18.6,18.76,17.081053,133500
2014-08-04,18.9,19.0,18.860001,18.98,17.281359,116900
2014-08-05,18.799999,18.809999,18.620001,18.67,16.999107,267000
2014-08-06,18.610001,18.68,18.58,18.6,16.935371,103600
2014-08-07,18.59,18.59,18.379999,18.43,16.780586,83700
2014-08-08,18.59,18.700001,18.559999,18.68,17.008209,91000
2014-08-11,18.75,18.870001,18.75,18.83,17.144783,87200
2014-08-12,18.83,18.9,18.77,18.9,17.208523,134000
2014-08-13,19.08,19.17,19.049999,19.120001,17.408834,90300
2014-08-14,19.120001,19.200001,19.120001,19.200001,17.481672,75700
2014-08-15,19.18,19.209999,19.049999,19.1,17.390621,110100
2014-08-18,19.17,19.379999,19.17,19.379999,17.645561,60000
2014-08-19,19.559999,19.58,19.469999,19.549999,17.800346,208200
2014-08-20,19.440001,19.6,19.440001,19.6,17.845875,182100
2014-08-21,19.639999,19.73,19.6,19.67,17.909609,271700
2014-08-22,19.77,19.77,19.68,19.74,17.973345,109800
2014-08-25,19.82,19.9,19.82,19.889999,18.109919,228000
2014-08-26,19.969999,20.08,19.93,20.059999,18.264702,276500
2014-08-27,20.129999,20.129999,20.030001,20.110001,18.31023,273000
2014-08-28,20.059999,20.059999,19.93,20.02,18.228289,822500
2014-08-29,20.07,20.07,19.940001,19.969999,18.18276,136400
2014-09-02,19.92,20.049999,19.92,20.0,18.210077,275400
2014-09-03,20.110001,20.219999,20.08,20.1,18.301126,125800
2014-09-04,20.1,20.129999,19.959999,20.0,18.210077,142600
2014-09-05,20.08,20.110001,19.969999,20.110001,18.31023,92500
2014-09-08,20.07,20.07,19.860001,19.940001,18.155447,353900
2014-09-09,19.82,19.82,19.549999,19.620001,17.864086,413200
2014-09-10,19.639999,19.68,19.530001,19.67,17.909609,285200
2014-09-11,19.530001,19.629999,19.530001,19.59,17.836767,772400
2014-09-12,19.5,19.5,19.25,19.32,17.590935,436100
2014-09-15,19.23,19.290001,19.08,19.139999,17.427038,344900
2014-09-16,19.09,19.43,19.09,19.4,17.663774,227400
2014-09-17,19.4,19.4,19.110001,19.139999,17.427038,260400
2014-09-18,19.27,19.280001,19.190001,19.24,17.518095,188300
2014-09-19,19.24,19.32,19.129999,19.16,17.458864,105700
2014-09-22,19.16,19.16,18.84,18.92,17.240173,559700
2014-09-23,19.02,19.120001,18.959999,18.98,17.294842,84400
2014-09-24,19.09,19.299999,19.049999,19.25,17.540871,111000
2014-09-25,19.030001,19.030001,18.879999,18.9,17.221951,125900
2014-09-26,18.92,19.040001,18.92,19.01,17.32218,191600
2014-09-29,18.799999,18.799999,18.59,18.709999,17.04882,601300
2014-09-30,18.629999,18.77,18.610001,18.67,17.012371,1279100
2014-10-01,18.620001,18.68,18.309999,18.32,16.693443,240600
2014-10-02,18.4,18.530001,18.18,18.41,16.775452,521100
2014-10-03,18.42,18.530001,18.32,18.469999,16.830122,132000
2014-10-06,18.620001,18.77,18.610001,18.620001,16.966814,200100
2014-10-07,18.610001,18.700001,18.440001,18.450001,16.811899,362600
2014-10-08,18.530001,18.790001,18.27,18.74,17.076153,237900
2014-10-09,18.76,18.76,18.450001,18.51,16.866573,272300
2014-10-10,18.42,18.42,18.07,18.110001,16.502089,452000
2014-10-13,18.219999,18.34,18.059999,18.059999,16.456524,409800
2014-10-14,18.09,18.27,18.040001,18.139999,16.529423,415500
2014-10-15,18.08,18.08,17.559999,17.969999,16.374517,513500
2014-10-16,17.67,18.049999,17.67,17.950001,16.356293,830700
2014-10-17,18.120001,18.18,17.99,18.09,16.483868,152200
2014-10-20,18.209999,18.280001,18.16,18.27,16.647882,345400
2014-10-21,18.370001,18.51,18.370001,18.440001,16.80279,164000
2014-10-22,18.540001,18.59,18.41,18.43,16.793678,289500
2014-10-23,18.559999,18.6,18.48,18.49,16.848349,121200
2014-10-24,18.48,18.67,18.450001,18.610001,16.957697,67200
2014-10-27,18.41,18.530001,18.290001,18.5,16.857462,68800
2014-10-28,18.68,18.91,18.68,18.879999,17.203722,64200
2014-10-29,18.889999,18.950001,18.709999,18.76,17.094379,106900
2014-10-30,18.83,19.0,18.780001,18.93,17.249285,173500
2014-10-31,18.799999,18.83,18.73,18.780001,17.112608,156800
2014-11-03,18.83,18.83,18.73,18.74,17.076153,93300
2014-11-04,18.790001,18.84,18.690001,18.809999,17.139938,563400
2014-11-05,18.719999,18.719999,18.559999,18.65,16.994141,527500
2014-11-06,18.52,18.530001,18.26,18.26,16.638769,255000
2014-11-07,18.379999,18.389999,18.26,18.370001,16.739006,132000
2014-11-10,18.4,18.42,18.27,18.27,16.647882,358700
2014-11-11,18.35,18.41,18.299999,18.389999,16.757229,100600
2014-11-12,18.41,18.41,18.27,18.280001,16.656998,265600
2014-11-13,18.34,18.389999,18.23,18.280001,16.656998,68200
2014-11-14,18.23,18.360001,18.200001,18.34,16.711668,184300
2014-11-17,18.18,18.190001,18.1,18.120001,16.511204,112800
2014-11-18,18.34,18.459999,18.34,18.440001,16.80279,260500
2014-11-19,18.42,18.559999,18.4,18.51,16.866573,128400
2014-11-20,18.51,18.549999,18.4,18.48,16.839241,721200
2014-11-21,18.66,18.879999,18.66,18.85,17.17639,149900
2014-11-24,18.73,18.780001,18.68,18.76,17.094379,322900
2014-11-25,18.77,18.84,18.67,18.67,17.012371,96100
2014-11-26,18.809999,18.940001,18.76,18.9,17.221951,112300
2014-11-28,18.719999,18.75,18.540001,18.58,16.930357,28900
2014-12-01,18.540001,18.540001,18.360001,18.360001,16.729893,198100
2014-12-02,18.41,18.41,18.25,18.299999,16.675219,227000
2014-12-03,18.389999,18.459999,18.360001,18.41,16.775452,116000
2014-12-04,18.33,18.33,18.200001,18.219999,16.602322,383400
2014-12-05,18.120001,18.16,18.040001,18.110001,16.502089,98500
2014-12-08,17.99,17.99,17.719999,17.790001,16.210503,520900
2014-12-09,17.620001,17.68,17.559999,17.67,16.101156,548100
2014-12-10,17.68,17.68,17.440001,17.48,15.928022,192600
2014-12-11,17.42,17.49,17.299999,17.33,15.791343,488500
2014-12-12,17.290001,17.43,17.15,17.15,15.627321,531700
2014-12-15,17.190001,17.25,16.879999,16.950001,15.445081,284500
2014-12-16,16.879999,17.129999,16.77,16.860001,15.363072,396900
2014-12-17,16.950001,17.43,16.950001,17.25,15.718443,569100
2014-12-18,17.129999,17.530001,17.129999,17.48,15.928022,668500
2014-12-19,17.48,17.5,17.379999,17.4,15.926191,399300
2014-12-22,17.5,17.530001,17.43,17.48,15.999415,278000
2014-12-23,17.4,17.469999,17.370001,17.41,15.935346,124200
2014-12-24,17.49,17.559999,17.43,17.5,16.017725,320200
2014-12-26,17.67,17.700001,17.6,17.6,16.109253,102600
2014-12-29,17.639999,17.66,17.540001,17.58,16.090944,162700
2014-12-30,17.51,17.559999,17.469999,17.52,16.036032,182000
2014-12-31,17.66,17.719999,17.530001,17.559999,16.072645,631300
2015-01-02,17.5,17.5,17.299999,17.360001,15.889585,419500
2015-01-05,17.24,17.24,17.0,17.030001,15.58753,567600
2015-01-06,17.110001,17.190001,16.969999,17.040001,15.596687,1059600
2015-01-07,17.27,17.35,17.17,17.299999,15.83466,114100
2015-01-08,17.450001,17.59,17.43,17.540001,16.054337,236100
2015-01-09,17.540001,17.559999,17.42,17.52,16.036032,374700
2015-01-12,17.43,17.459999,17.299999,17.34,15.871272,146500
2015-01-13,17.559999,17.66,17.389999,17.51,16.026875,237500
2015-01-14,17.450001,17.549999,17.379999,17.49,16.008568,389000
2015-01-15,17.709999,17.74,17.540001,17.540001,16.054337,157700
2015-01-16,17.58,17.76,17.58,17.76,16.255699,164900
2015-01-20,17.59,17.690001,17.57,17.67,16.173325,107600
2015-01-21,17.75,18.0,17.73,17.99,16.466217,111500
2015-01-22,17.93,18.17,17.870001,18.139999,16.603512,168300
2015-01-23,18.15,18.190001,18.110001,18.139999,16.603512,172300
2015-01-26,18.139999,18.290001,18.139999,18.23,16.685892,129200
2015-01-27,18.139999,18.200001,18.1,18.17,16.630976,129500
2015-01-28,18.17,18.200001,18.01,18.040001,16.511984,95300
2015-01-29,18.110001,18.129999,17.969999,18.129999,16.594355,143600
2015-01-30,17.98,18.0,17.82,17.82,16.310617,73300
2015-02-02,17.969999,18.08,17.889999,18.059999,16.530287,148500
2015-02-03,18.16,18.299999,18.129999,18.280001,16.731659,235800
2015-02-04,18.139999,18.26,18.110001,18.110001,16.576056,120600
2015-02-05,18.15,18.280001,18.129999,18.280001,16.731659,154900
2015-02-06,18.1,18.16,17.99,18.01,16.484528,161100
2015-02-09,17.940001,18.040001,17.940001,18.030001,16.502827,40200
2015-02-10,17.98,18.030001,17.91,17.969999,16.447912,124800
2015-02-11,17.82,17.889999,17.75,17.83,16.319775,72000
2015-02-12,18.09,18.219999,18.01,18.209999,16.667583,51900
2015-02-13,18.25,18.42,18.200001,18.42,16.859795,758900
2015-02-17,18.24,18.290001,18.15,18.27,16.722502,93900
2015-02-18,18.16,18.27,18.129999,18.26,16.713348,88600
2015-02-19,18.23,18.280001,18.15,18.219999,16.676737,154800
2015-02-20,18.23,18.389999,18.200001,18.360001,16.80488,157000
2015-02-23,18.42,18.42,18.309999,18.360001,16.80488,175800
2015-02-24,18.459999,18.66,18.370001,18.639999,17.061165,133600
2015-02-25,18.52,18.559999,18.49,18.52,16.951324,93900
2015-02-26,18.469999,18.48,18.389999,18.440001,16.878103,115500
2015-02-27,18.469999,18.57,18.459999,18.48,16.914719,81500
2015-03-02,18.4,18.43,18.34,18.389999,16.832338,135500
2015-03-03,18.309999,18.35,18.25,18.25,16.704201,69400
2015-03-04,18.25,18.25,18.07,18.16,16.621819,67700
2015-03-05,18.18,18.25,18.129999,18.18,16.640127,63600
2015-03-06,18.200001,18.200001,17.98,17.98,16.457067,82000
2015-03-09,17.959999,17.969999,17.91,17.91,16.392992,68000
2015-03-10,17.67,17.67,17.540001,17.559999,16.072645,184000
2015-03-11,17.559999,17.65,17.549999,17.59,16.100103,90600
2015-03-12,17.780001,17.84,17.66,17.68,16.182476,174200
2015-03-13,17.540001,17.58,17.41,17.49,16.008568,67200
2015-03-16,17.690001,17.75,17.67,17.709999,16.209932,97500
2015-03-17,17.719999,17.84,17.68,17.82,16.310617,89100
2015-03-18,17.889999,18.34,17.77,18.27,16.722502,75600
2015-03-19,18.129999,18.200001,17.940001,18.0,16.475372,58800
2015-03-20,18.26,18.379999,18.17,18.32,16.768267,188900
2015-03-23,18.35,18.4,18.290001,18.379999,16.823185,87200
2015-03-24,18.469999,18.51,18.43,18.48,16.914719,51800
2015-03-25,18.49,18.540001,18.190001,18.219999,16.676737,175900
2015-03-26,18.190001,18.190001,18.059999,18.139999,16.603512,58900
2015-03-27,18.139999,18.23,18.139999,18.209999,16.667583,50800
2015-03-30,18.360001,18.540001,18.35,18.52,16.951324,55600
2015-03-31,18.459999,18.549999,18.42,18.48,16.914719,95900
2015-04-01,18.709999,18.709999,18.549999,18.65,17.070313,190800
2015-04-02,18.82,18.93,18.75,18.93,17.326601,171400
2015-04-06,19.0,19.18,19.0,19.129999,17.509659,122200
2015-04-07,18.969999,18.98,18.9,18.92,17.317448,101600
2015-04-08,19.030001,19.030001,18.91,18.959999,17.354057,103300
2015-04-09,19.01,19.040001,18.93,19.0,17.390671,136600
2015-04-10,19.120001,19.18,19.09,19.18,17.555424,141800
2015-04-13,19.1,19.129999,18.92,18.93,17.326601,75200
2015-04-14,18.92,19.02,18.9,19.02,17.408976,95000
2015-04-15,18.969999,19.059999,18.889999,19.02,17.408976,80500
2015-04-16,19.030001,19.16,18.98,19.07,17.454741,722800
2015-04-17,18.9,18.98,18.879999,18.959999,17.354057,137100
2015-04-20,18.959999,19.0,18.91,18.969999,17.363205,249400
2015-04-21,19.110001,19.110001,19.02,19.040001,17.427284,245500
2015-04-22,19.17,19.209999,19.1,19.18,17.555424,169000
2015-04-23,19.18,19.41,19.18,19.370001,17.72933,229800
2015-04-24,19.42,19.42,19.33,19.360001,17.720177,194100
2015-04-27,19.459999,19.52,19.43,19.459999,17.811707,331700
2015-04-28,19.48,19.57,19.469999,19.540001,17.884937,206400
2015-04-29,19.4,19.450001,19.33,19.389999,17.747635,267500
2015-04-30,19.26,19.26,19.02,19.030001,17.418129,290200
2015-05-01,19.09,19.120001,19.02,19.110001,17.49135,144100
2015-05-04,19.139999,19.15,19.059999,19.1,17.482201,363400
2015-05-05,19.120001,19.120001,18.93,18.969999,17.363205,264900
2015-05-06,18.879999,18.879999,18.629999,18.66,17.079466,205300
2015-05-07,18.549999,18.559999,18.42,18.549999,16.978785,201400
2015-05-08,18.719999,18.83,18.719999,18.77,17.180151,233600
2015-05-11,18.790001,18.809999,18.6,18.6,17.024553,80500
2015-05-12,18.58,18.67,18.530001,18.639999,17.061165,328200
2015-05-13,18.76,18.83,18.709999,18.709999,17.125237,369500
2015-05-14,18.93,19.0,18.870001,18.98,17.372362,253200
2015-05-15,19.07,19.15,19.0,19.129999,17.509659,217700
2015-05-18,19.200001,19.200001,19.139999,19.139999,17.518808,102700
2015-05-19,19.190001,19.209999,19.129999,19.18,17.555424,113800
2015-05-20,19.24,19.360001,19.200001,19.290001,17.656109,86000
2015-05-21,19.17,19.280001,19.17,19.280001,17.646952,78200
2015-05-22,19.17,19.17,19.07,19.07,17.454741,105500
2015-05-26,18.860001,18.860001,18.629999,18.66,17.079466,100000
2015-05-27,18.620001,18.74,18.59,18.74,17.152693,142700
2015-05-28,18.620001,18.620001,18.51,18.58,17.006243,139900
2015-05-29,18.639999,18.66,18.549999,18.57,16.997095,161600
2015-06-01,18.68,18.68,18.52,18.57,16.997095,90200
2015-06-02,18.389999,18.5,18.299999,18.440001,16.878103,127600
2015-06-03,18.309999,18.33,18.23,18.280001,16.731659,94900
2015-06-04,18.18,18.190001,18.030001,18.040001,16.511984,134800
2015-06-05,17.93,17.959999,17.84,17.889999,16.374687,297700
2015-06-08,17.91,17.98,17.889999,17.91,16.392992,126600
2015-06-09,17.84,17.84,17.700001,17.709999,16.209932,81300
2015-06-10,17.959999,18.059999,17.940001,18.02,16.493679,310100
2015-06-11,18.049999,18.1,18.01,18.030001,16.502827,256100
2015-06-12,18.040001,18.059999,17.99,18.030001,16.502827,64900
2015-06-15,17.84,17.870001,17.809999,17.860001,16.347235,500000
2015-06-16,17.84,17.860001,17.790001,17.860001,16.347235,208300
2015-06-17,17.82,17.98,17.709999,17.93,16.411301,85700
2015-06-18,18.110001,18.25,18.110001,18.18,16.640127,64800
2015-06-19,18.110001,18.110001,17.98,17.98,16.469751,189600
2015-06-22,18.190001,18.24,18.17,18.18,16.65295,79100
2015-06-23,18.17,18.24,18.16,18.24,16.707912,70400
2015-06-24,18.23,18.290001,18.200001,18.23,16.69875,154000
2015-06-25,18.290001,18.33,18.24,18.27,16.735392,36000
2015-06-26,18.18,18.26,18.17,18.190001,16.662113,81600
2015-06-29,17.92,18.0,17.870001,17.879999,16.378149,88700
2015-06-30,18.200001,18.200001,18.07,18.110001,16.588829,130900
2015-07-01,18.17,18.209999,18.040001,18.129999,16.607147,230500
2015-07-02,18.24,18.360001,18.23,18.26,16.726231,111400
2015-07-06,17.639999,17.709999,17.559999,17.620001,16.139988,137300
2015-07-07,17.219999,17.219999,16.93,17.190001,15.74611,220100
2015-07-08,16.85,16.940001,16.76,16.76,15.352223,498400
2015-07-09,17.32,17.33,17.16,17.16,15.718621,628200
2015-07-10,17.559999,17.58,17.469999,17.530001,16.057545,285200
2015-07-13,17.73,17.809999,17.629999,17.790001,16.29571,342100
2015-07-14,17.790001,17.879999,17.790001,17.879999,16.378149,50700
2015-07-15,17.790001,17.790001,17.66,17.67,16.185789,65000
2015-07-16,17.870001,17.93,17.83,17.9,16.396465,205600
2015-07-17,17.959999,17.969999,17.92,17.940001,16.433107,75700
2015-07-20,17.92,18.02,17.879999,17.969999,16.460588,145200
2015-07-21,18.07,18.07,17.969999,17.98,16.469751,88400
2015-07-22,17.860001,17.860001,17.73,17.75,16.259069,122700
2015-07-23,17.84,17.870001,17.75,17.76,16.268225,98800
2015-07-24,17.620001,17.620001,17.49,17.549999,16.075867,142300
2015-07-27,17.23,17.25,17.17,17.18,15.736947,289300
2015-07-28,17.360001,17.389999,17.24,17.360001,15.901831,292500
2015-07-29,17.370001,17.51,17.35,17.469999,16.002588,166900
2015-07-30,17.23,17.25,17.129999,17.219999,15.773584,213000
2015-07-31,17.42,17.49,17.370001,17.4,15.938464,167500
2015-08-03,17.26,17.280001,17.16,17.200001,15.755267,231800
2015-08-04,17.389999,17.48,17.32,17.35,15.892664,91900
2015-08-05,17.51,17.559999,17.42,17.43,15.965951,150100
2015-08-06,17.459999,17.459999,17.370001,17.41,15.947624,180100
2015-08-07,17.32,17.34,17.290001,17.309999,15.856027,105800
2015-08-10,17.52,17.76,17.52,17.73,16.240749,219500
2015-08-11,17.23,17.23,17.09,17.209999,15.764425,129200
2015-08-12,16.84,16.84,16.690001,16.780001,15.370544,474500
2015-08-13,16.82,16.889999,16.77,16.83,15.416347,170600
2015-08-14,16.860001,16.93,16.799999,16.870001,15.452984,74300
2015-08-17,16.700001,16.75,16.65,16.75,15.343062,124400
2015-08-18,16.49,16.49,16.42,16.48,15.095744,203400
2015-08-19,16.32,16.34,16.129999,16.25,14.885062,390200
2015-08-20,15.89,15.9,15.76,15.78,14.45454,1243800
2015-08-21,15.57,15.63,15.3,15.33,14.042339,1265000
2015-08-24,14.57,15.05,14.1,14.68,13.446938,1269500
2015-08-25,15.45,15.87,15.02,15.02,13.758377,1326600
2015-08-26,15.53,15.67,15.32,15.64,14.326302,546100
2015-08-27,15.95,16.23,15.95,16.15,14.793463,286900
2015-08-28,16.1,16.15,15.99,16.07,14.720181,263500
2015-08-31,15.99,16.049999,15.88,16.0,14.656062,119600
2015-09-01,15.6,15.67,15.47,15.52,14.216381,125700
2015-09-02,15.73,15.74,15.6,15.73,14.408741,158700
2015-09-03,15.69,15.87,15.66,15.67,14.353781,83600
2015-09-04,15.33,15.33,15.04,15.11,13.840818,160800
2015-09-08,15.38,15.41,15.27,15.4,14.10646,152800
2015-09-09,15.72,15.81,15.42,15.45,14.152259,137400
2015-09-10,15.58,15.79,15.58,15.74,14.4179,102400
2015-09-11,15.76,15.85,15.72,15.85,14.518662,70900
2015-09-14,15.73,15.76,15.65,15.71,14.390421,59100
2015-09-15,15.75,15.86,15.7,15.86,14.52782,141300
2015-09-16,16.0,16.18,16.0,16.15,14.793463,173300
2015-09-17,16.01,16.389999,16.01,16.120001,14.765982,145900
2015-09-18,16.01,16.120001,15.86,15.89,14.565241,220100
2015-09-21,15.95,15.95,15.83,15.91,14.583571,111500
2015-09-22,15.66,15.67,15.57,15.66,14.354415,83100
2015-09-23,15.5,15.51,15.39,15.4,14.116092,66200
2015-09-24,15.23,15.38,15.15,15.34,14.061093,81800
2015-09-25,15.46,15.47,15.25,15.25,13.978596,52700
2015-09-28,15.14,15.14,14.94,15.0,13.749439,56300
2015-09-29,15.07,15.15,15.02,15.13,13.868601,51100
2015-09-30,15.33,15.37,15.27,15.36,14.079428,61300
2015-10-01,15.44,15.47,15.31,15.42,14.134423,102700
2015-10-02,15.32,15.78,15.26,15.78,14.46441,72400
2015-10-05,15.91,16.110001,15.91,16.09,14.748565,95700
2015-10-06,15.97,16.01,15.88,15.95,14.620236,59900
2015-10-07,16.040001,16.129999,15.92,16.040001,14.702737,86100
2015-10-08,15.88,16.07,15.81,16.059999,14.721066,313700
2015-10-09,16.1,16.17,15.99,16.030001,14.69357,110000
2015-10-12,16.030001,16.030001,15.87,15.91,14.583571,54200
2015-10-13,15.71,15.81,15.66,15.67,14.363582,45700
2015-10-14,15.74,15.82,15.7,15.75,14.436913,89100
2015-10-15,15.99,16.16,15.98,16.16,14.81273,52600
2015-10-16,16.049999,16.120001,15.97,16.120001,14.776065,79700
2015-10-19,15.95,16.01,15.9,15.96,14.629405,179200
2015-10-20,16.030001,16.1,16.02,16.049999,14.711901,61300
2015-10-21,15.98,15.98,15.81,15.81,14.491911,63500
2015-10-22,16.02,16.25,16.02,16.200001,14.849395,150500
2015-10-23,16.280001,16.299999,16.219999,16.27,14.913561,64500
2015-10-26,16.309999,16.35,16.27,16.299999,14.941058,46700
2015-10-27,16.18,16.200001,16.110001,16.129999,14.78523,53000
2015-10-28,16.280001,16.32,15.99,16.059999,14.721066,82700
2015-10-29,15.96,16.030001,15.92,15.97,14.638572,77600
2015-10-30,16.0,16.01,15.94,15.95,14.620236,46100
2015-11-02,16.01,16.16,15.95,16.139999,14.794395,94800
2015-11-03,16.129999,16.370001,16.129999,16.299999,14.941058,133500
2015-11-04,16.33,16.33,16.120001,16.16,14.81273,54900
2015-11-05,16.219999,16.280001,16.16,16.23,14.876893,44600
2015-11-06,16.120001,16.209999,16.049999,16.190001,14.84023,193800
2015-11-09,15.99,15.99,15.77,15.78,14.46441,191100
2015-11-10,15.66,15.69,15.61,15.65,14.345249,57900
2015-11-11,15.83,15.91,15.76,15.79,14.473576,34000
2015-11-12,15.69,15.76,15.59,15.62,14.31775,65300
2015-11-13,15.51,15.55,15.43,15.47,14.180257,91500
2015-11-16,15.48,15.69,15.48,15.67,14.363582,92000
2015-11-17,15.72,15.73,15.62,15.65,14.345249,64800
2015-11-18,15.61,15.77,15.57,15.77,14.455247,133300
2015-11-19,15.86,15.96,15.86,15.89,14.565241,110800
2015-11-20,16.0,16.040001,15.94,15.98,14.647737,414100
2015-11-23,16.09,16.15,16.049999,16.059999,14.721066,128800
2015-11-24,15.99,16.129999,15.95,16.08,14.739401,56600
2015-11-25,16.049999,16.049999,15.97,16.02,14.684402,54000
2015-11-27,15.87,15.87,15.77,15.77,14.455247,19400
2015-11-30,15.72,15.81,15.71,15.79,14.473576,108700
2015-12-01,15.88,15.98,15.87,15.97,14.638572,87300
2015-12-02,15.83,15.86,15.7,15.73,14.41858,156200
2015-12-03,15.78,15.78,15.53,15.58,14.281083,101400
2015-12-04,15.54,15.73,15.54,15.72,14.409413,123200
2015-12-07,15.53,15.53,15.43,15.5,14.207754,65200
2015-12-08,15.29,15.34,15.19,15.33,14.051926,132000
2015-12-09,15.24,15.35,15.09,15.13,13.868601,105900
2015-12-10,15.0,15.04,14.88,14.89,13.648609,63400
2015-12-11,14.48,14.5,14.39,14.39,13.190296,171700
2015-12-14,14.57,14.66,14.49,14.65,13.42862,76100
2015-12-15,14.83,14.98,14.83,14.96,13.712775,172600
2015-12-16,15.01,15.23,14.95,15.15,13.886933,386300
2015-12-17,15.1,15.1,14.97,14.97,13.72194,99200
2015-12-18,14.95,15.02,14.89,14.9,13.745928,137800
2015-12-21,14.96,14.97,14.81,14.93,13.773603,117300
2015-12-22,14.96,15.05,14.91,15.03,13.865857,226000
2015-12-23,15.12,15.2,15.12,15.19,14.013464,149900
2015-12-24,15.12,15.12,15.07,15.11,13.93966,18100
2015-12-28,15.01,15.03,14.95,14.98,13.819731,430200
2015-12-29,15.16,15.21,15.15,15.15,13.976563,113700
2015-12-30,15.03,15.07,14.96,14.96,13.801278,367300
2015-12-31,15.03,15.06,14.95,14.95,13.792056,141500
2016-01-04,14.61,14.64,14.49,14.62,13.487616,225300
2016-01-05,14.68,14.72,14.58,14.64,13.506064,98400
2016-01-06,14.38,14.45,14.33,14.36,13.247751,90600
2016-01-07,14.0,14.2,13.94,13.94,12.860283,95400
2016-01-08,14.07,14.07,13.81,13.82,12.749578,418900
2016-01-11,13.88,13.88,13.65,13.78,12.712676,128200
2016-01-12,13.94,14.0,13.76,13.83,12.758802,243800
2016-01-13,13.97,13.99,13.63,13.67,12.611195,141500
2016-01-14,13.69,13.83,13.55,13.78,12.712676,141900
2016-01-15,13.36,13.46,13.24,13.36,12.325207,265400
2016-01-19,13.78,13.78,13.54,13.63,12.574294,113500
2016-01-20,13.42,13.51,13.19,13.43,12.389785,152300
2016-01-21,13.39,13.57,13.3,13.44,12.399012,152200
2016-01-22,13.81,13.83,13.72,13.83,12.758802,90300
2016-01-25,13.8,13.83,13.68,13.68,12.620421,117800
2016-01-26,13.76,13.93,13.76,13.88,12.80493,159500
2016-01-27,13.84,13.94,13.74,13.78,12.712676,173600
2016-01-28,13.97,13.97,13.86,13.96,12.878734,60100
2016-01-29,14.07,14.27,14.07,14.27,13.164723,51200
2016-02-01,14.13,14.24,14.09,14.23,13.12782,53700
2016-02-02,14.09,14.15,13.88,13.94,12.860283,349400
2016-02-03,14.05,14.25,13.84,14.25,13.146272,43700
2016-02-04,14.18,14.31,14.12,14.19,13.090919,55200
2016-02-05,14.14,14.14,13.94,14.02,12.934088,24900
2016-02-08,13.87,13.87,13.69,13.84,12.768029,48600
2016-02-09,13.74,13.85,13.63,13.74,12.675776,93300
2016-02-10,13.89,14.05,13.83,13.83,12.758802,69900
2016-02-11,13.77,13.79,13.63,13.72,12.657324,51400
2016-02-12,13.76,13.86,13.68,13.82,12.749578,86800
2016-02-16,13.93,14.0,13.89,13.97,12.88796,78600
2016-02-17,14.08,14.26,14.08,14.22,13.118595,111600
2016-02-18,14.22,14.24,14.12,14.14,13.044793,49600
2016-02-19,14.09,14.17,14.04,14.09,12.998665,109800
2016-02-22,14.34,14.39,14.34,14.38,13.266203,50300
2016-02-23,14.29,14.3,14.15,14.15,13.054016,215900
2016-02-24,14.01,14.19,13.93,14.15,13.054016,30400
2016-02-25,14.1,14.2,14.04,14.19,13.090919,50100
2016-02-26,14.21,14.21,14.05,14.05,12.961763,34600
2016-02-29,14.23,14.32,14.22,14.25,13.146272,34500
2016-03-01,14.4,14.64,14.39,14.59,13.459937,397300
2016-03-02,14.56,14.67,14.54,14.65,13.515291,147300
2016-03-03,14.61,14.69,14.57,14.66,13.524517,30600
2016-03-04,14.69,14.87,14.64,14.79,13.644446,280900
2016-03-07,14.61,14.72,14.58,14.65,13.515291,102000
2016-03-08,14.47,14.5,14.4,14.44,13.321557,91200
2016-03-09,14.59,14.66,14.55,14.6,13.469163,71900
2016-03-10,14.66,14.7,14.46,14.59,13.459937,50300
2016-03-11,14.85,14.93,14.79,14.9,13.745928,26500
2016-03-14,14.77,14.84,14.75,14.79,13.644446,122600
2016-03-15,14.69,14.74,14.64,14.72,13.57987,63200
2016-03-16,14.6,15.0,14.6,14.95,13.792056,36800
2016-03-17,14.99,15.18,14.99,15.13,13.958113,43100
2016-03-18,15.2,15.28,15.19,15.23,14.050366,35500
2016-03-21,15.28,15.37,15.27,15.34,14.151846,33300
2016-03-22,15.18,15.29,15.16,15.23,14.050366,31800
2016-03-23,15.16,15.16,15.04,15.07,13.902761,21900
2016-03-24,15.0,15.08,14.96,15.08,13.911983,110800
2016-03-28,15.05,15.08,14.88,15.05,13.884309,24300
2016-03-29,14.98,15.23,14.98,15.2,14.022691,42600
2016-03-30,15.39,15.46,15.38,15.4,14.2072,68700
2016-03-31,15.44,15.5,15.36,15.36,14.170298,39900
2016-04-01,15.18,15.39,15.16,15.36,14.170298,53900
2016-04-04,15.31,15.31,15.2,15.2,14.022691,161500
2016-04-05,15.1,15.1,14.98,14.98,13.819731,33300
2016-04-06,15.01,15.23,15.0,15.22,14.041142,30500
2016-04-07,15.06,15.06,14.92,14.96,13.801278,54500
2016-04-08,15.24,15.29,15.15,15.19,14.013464,39600
2016-04-11,15.36,15.41,15.3,15.3,14.114945,42400
2016-04-12,15.31,15.42,15.23,15.41,14.216424,35500
2016-04-13,15.52,15.56,15.5,15.56,14.354808,69400
2016-04-14,15.52,15.52,15.46,15.51,14.308681,67700
2016-04-15,15.45,15.49,15.4,15.4,14.2072,43400
2016-04-18,15.39,15.53,15.38,15.48,14.281002,74700
2016-04-19,15.52,15.65,15.51,15.61,14.400932,55100
2016-04-20,15.43,15.56,15.41,15.46,14.262552,51600
2016-04-21,15.44,15.44,15.3,15.33,14.142621,52700
2016-04-22,15.29,15.38,15.26,15.27,14.087269,185000
2016-04-25,15.28,15.3,15.21,15.25,14.068819,64700
2016-04-26,15.34,15.38,15.28,15.36,14.170298,144200
2016-04-27,15.3,15.45,15.26,15.4,14.2072,51900
2016-04-28,15.28,15.41,15.24,15.29,14.105721,15000
2016-04-29,15.24,15.24,15.08,15.2,14.022691,45100
2016-05-02,15.22,15.29,15.14,15.28,14.096494,130900
2016-05-03,15.11,15.11,14.99,15.02,13.856634,140900
2016-05-04,14.94,14.94,14.77,14.77,13.625998,119500
2016-05-05,14.91,14.91,14.77,14.83,13.681349,135500
2016-05-06,14.79,14.93,14.79,14.88,13.727475,31500
2016-05-09,14.78,14.85,14.65,14.68,13.542967,49800
2016-05-10,14.88,14.96,14.86,14.95,13.792056,89200
2016-05-11,15.01,15.11,15.01,15.03,13.865857,40500
2016-05-12,15.0,15.01,14.89,14.94,13.782828,24800
2016-05-13,14.98,15.01,14.89,14.89,13.736701,26400
2016-05-16,14.97,15.08,14.97,15.05,13.884309,28700
2016-05-17,14.99,15.05,14.93,14.94,13.782828,64900
2016-05-18,14.93,15.07,14.81,14.92,13.764378,56200
2016-05-19,14.76,14.82,14.7,14.79,13.644446,41600
2016-05-20,14.85,14.91,14.84,14.87,13.718251,116200
2016-05-23,14.92,14.98,14.89,14.89,13.736701,24400
2016-05-24,14.98,15.11,14.98,15.09,13.921211,87000
2016-05-25,15.13,15.2,15.13,15.16,13.98579,80600
2016-05-26,15.23,15.23,15.1,15.15,13.976563,29400
2016-05-27,15.19,15.27,15.15,15.15,13.976563,14500
2016-05-31,15.32,15.39,15.26,15.29,14.105721,83300
2016-06-01,15.22,15.35,15.21,15.32,14.133396,128500
2016-06-02,15.25,15.38,15.25,15.34,14.151846,25200
2016-06-03,15.49,15.58,15.45,15.55,14.345581,42800
2016-06-06,15.58,15.74,15.58,15.7,14.483962,54700
2016-06-07,15.81,15.89,15.81,15.89,14.659247,89500
2016-06-08,15.87,15.92,15.81,15.84,14.613118,66700
2016-06-09,15.64,15.68,15.63,15.65,14.437837,32700
2016-06-10,15.39,15.4,15.23,15.27,14.087269,111700
2016-06-13,15.27,15.37,15.22,15.22,14.041142,44900
2016-06-14,15.19,15.24,15.1,15.19,14.013464,36200
2016-06-15,15.33,15.42,15.3,15.31,14.124172,56900
2016-06-16,15.17,15.34,15.07,15.31,14.124172,37900
2016-06-17,15.32,15.32,15.2,15.28,14.11955,31600
2016-06-20,15.46,15.52,15.43,15.44,14.267399,21600
2016-06-21,15.53,15.62,15.48,15.59,14.406007,58300
2016-06-22,15.56,15.6,15.51,15.53,14.350565,27100
2016-06-23,15.7,15.84,15.67,15.84,14.63702,57200
2016-06-24,15.16,15.38,15.02,15.04,13.897776,154500
2016-06-27,15.01,15.01,14.72,14.88,13.749928,67400
2016-06-28,15.24,15.31,15.2,15.3,14.138032,102100
2016-06-29,15.49,15.6,15.49,15.6,14.415249,29700
2016-06-30,15.62,15.71,15.58,15.69,14.498411,47200
2016-07-01,15.71,15.82,15.71,15.74,14.544616,225700
2016-07-05,15.54,15.54,15.42,15.45,14.276641,46000
2016-07-06,15.35,15.48,15.28,15.48,14.30436,42500
2016-07-07,15.48,15.52,15.35,15.38,14.211956,39800
2016-07-08,15.5,15.66,15.5,15.65,14.461451,72900
2016-07-11,15.78,15.79,15.74,15.74,14.544616,51400
2016-07-12,15.89,15.97,15.85,15.96,14.747908,125500
2016-07-13,15.89,15.9,15.81,15.87,14.664742,56300
2016-07-14,16.01,16.09,15.98,16.049999,14.831073,104200
2016-07-15,16.09,16.09,16.030001,16.08,14.858794,29500
2016-07-18,16.040001,16.190001,16.040001,16.17,14.941957,36000
2016-07-19,16.049999,16.08,16.040001,16.08,14.858794,103000
2016-07-20,16.120001,16.17,16.08,16.139999,14.914237,57600
2016-07-21,16.139999,16.17,16.07,16.110001,14.886515,37800
2016-07-22,16.15,16.219999,16.129999,16.200001,14.969682,32200
2016-07-25,16.16,16.16,16.059999,16.08,14.858794,39900
2016-07-26,16.139999,16.190001,16.120001,16.17,14.941957,38900
2016-07-27,16.25,16.27,16.09,16.24,15.006642,68300
2016-07-28,16.25,16.25,16.16,16.23,14.997401,26400
2016-07-29,16.25,16.379999,16.25,16.35,15.108289,88000
2016-08-01,16.290001,16.32,16.209999,16.209999,14.978921,351300
2016-08-02,16.200001,16.200001,16.0,16.09,14.868034,227500
2016-08-03,16.120001,16.23,16.1,16.219999,14.98816,53600
2016-08-04,16.26,16.360001,16.219999,16.299999,15.062085,129100
2016-08-05,16.35,16.42,16.33,16.4,15.154491,15000
2016-08-08,16.450001,16.49,16.450001,16.469999,15.219173,39000
2016-08-09,16.530001,16.59,16.530001,16.549999,15.293098,67200
2016-08-10,16.629999,16.639999,16.58,16.59,15.33006,46200
2016-08-11,16.559999,16.66,16.559999,16.629999,15.367023,71300
2016-08-12,16.57,16.57,16.48,16.52,15.265379,74800
2016-08-15,16.59,16.639999,16.58,16.59,15.33006,33600
2016-08-16,16.620001,16.620001,16.51,16.51,15.25614,115700
2016-08-17,16.41,16.49,16.309999,16.450001,15.200693,138100
2016-08-18,16.6,16.68,16.57,16.67,15.403986,110700
2016-08-19,16.530001,16.620001,16.48,16.620001,15.357782,43900
2016-08-22,16.52,16.52,16.43,16.48,15.228415,66600
2016-08-23,16.6,16.639999,16.370001,16.370001,15.126772,150700
2016-08-24,16.360001,16.459999,16.360001,16.42,15.172973,83300
2016-08-25,16.440001,16.51,16.440001,16.49,15.237655,68000
2016-08-26,16.620001,16.74,16.299999,16.42,15.172973,122500
2016-08-29,16.49,16.57,16.48,16.549999,15.293098,41100
2016-08-30,16.58,16.610001,16.52,16.540001,15.283859,97300
2016-08-31,16.48,16.48,16.370001,16.41,15.163733,40800
2016-09-01,16.48,16.52,16.389999,16.5,15.246896,96400
2016-09-02,16.559999,16.620001,16.52,16.620001,15.357782,188000
2016-09-06,16.629999,16.76,16.629999,16.74,15.46867,90100
2016-09-07,16.629999,16.629999,16.530001,16.57,15.311583,71000
2016-09-08,16.48,16.48,16.379999,16.4,15.154491,70400
2016-09-09,16.120001,16.120001,15.88,15.91,14.701704,107700
2016-09-12,15.65,15.94,15.65,15.92,14.710944,219600
2016-09-13,15.83,15.85,15.65,15.73,14.535374,141700
2016-09-14,15.92,16.030001,15.91,15.92,14.710944,29800
2016-09-15,16.07,16.26,16.030001,16.219999,14.98816,43400
2016-09-16,15.97,16.01,15.9,15.97,14.847771,73100
2016-09-19,16.17,16.290001,16.17,16.190001,15.052312,152500
2016-09-20,16.290001,16.290001,16.200001,16.209999,15.070908,88300
2016-09-21,16.33,16.559999,16.299999,16.549999,15.387015,60100
2016-09-22,16.6,16.68,16.57,16.6,15.433503,133900
2016-09-23,16.450001,16.450001,16.35,16.35,15.201071,133300
2016-09-26,16.26,16.26,16.190001,16.200001,15.061611,139900
2016-09-27,16.26,16.32,16.200001,16.309999,15.163879,106100
2016-09-28,16.309999,16.440001,16.25,16.43,15.275449,202900
2016-09-29,16.35,16.41,16.190001,16.219999,15.080204,193500
2016-09-30,16.309999,16.35,16.219999,16.33,15.182474,53100
2016-10-03,16.27,16.42,16.219999,16.4,15.247557,312300
2016-10-04,16.35,16.4,16.17,16.190001,15.052312,45100
2016-10-05,16.309999,16.379999,16.290001,16.379999,15.228959,66600
2016-10-06,16.23,16.33,16.190001,16.299999,15.154582,21600
2016-10-07,16.34,16.34,16.17,16.27,15.126692,42900
2016-10-10,16.219999,16.32,16.219999,16.280001,15.135989,41300
2016-10-11,15.94,15.95,15.78,15.84,14.726908,194700
2016-10-12,15.72,15.79,15.67,15.73,14.624637,95100
2016-10-13,15.58,15.76,15.52,15.71,14.606043,96500
2016-10-14,15.82,15.86,15.72,15.73,14.624637,33400
2016-10-17,15.81,15.85,15.8,15.8,14.689719,106300
2016-10-18,16.08,16.120001,16.030001,16.1,14.968637,71700
2016-10-19,16.219999,16.299999,16.200001,16.26,15.117393,170300
2016-10-20,16.290001,16.309999,16.23,16.280001,15.135989,87800
2016-10-21,16.18,16.27,16.15,16.25,15.108097,26100
2016-10-24,16.360001,16.360001,16.280001,16.299999,15.154582,66800
2016-10-25,16.309999,16.35,16.280001,16.299999,15.154582,75200
2016-10-26,16.110001,16.15,16.059999,16.09,14.95934,49800
2016-10-27,16.190001,16.190001,16.07,16.1,14.968637,41100
2016-10-28,16.07,16.1,15.94,15.99,14.866366,35800
2016-10-31,16.08,16.120001,16.059999,16.1,14.968637,79000
2016-11-01,16.09,16.09,15.83,15.95,14.82918,225700
2016-11-02,15.82,15.85,15.69,15.76,14.652529,96700
2016-11-03,15.68,15.69,15.57,15.59,14.494475,82300
2016-11-04,15.59,15.62,15.51,15.55,14.457285,32100
2016-11-07,15.84,16.02,15.84,16.0,14.875665,99900
2016-11-08,15.88,16.120001,15.86,16.07,14.940745,94200
2016-11-09,15.67,15.75,15.56,15.63,14.531666,89500
2016-11-10,15.56,15.56,15.13,15.25,14.178368,238800
2016-11-11,14.92,14.92,14.68,14.85,13.806476,118400
2016-11-14,14.7,14.71,14.57,14.64,13.611231,255500
2016-11-15,14.76,14.93,14.76,14.87,13.82507,197800
2016-11-16,14.82,14.88,14.79,14.85,13.806476,63900
2016-11-17,14.86,14.95,14.81,14.83,13.787881,92100
2016-11-18,14.89,14.9,14.81,14.84,13.797177,104400
2016-11-21,14.92,14.96,14.89,14.93,13.880854,29600
2016-11-22,15.11,15.11,15.02,15.06,14.001718,112300
2016-11-23,14.9,14.94,14.89,14.91,13.862259,69700
2016-11-25,14.96,14.98,14.93,14.94,13.890151,14000
2016-11-28,15.01,15.04,14.96,14.97,13.918044,158600
2016-11-29,14.97,15.09,14.97,15.04,13.983125,68200
2016-11-30,15.05,15.09,15.01,15.03,13.973826,73300
2016-12-01,14.96,14.96,14.85,14.86,13.815774,218200
2016-12-02,14.86,14.93,14.86,14.87,13.82507,229300
2016-12-05,14.88,14.95,14.88,14.94,13.890151,44700
2016-12-06,14.99,15.01,14.94,15.01,13.955232,93700
2016-12-07,15.19,15.27,15.07,15.25,14.178368,600800
2016-12-08,15.21,15.34,15.21,15.31,14.234152,152900
2016-12-09,15.22,15.27,15.22,15.22,14.150477,76300
2016-12-12,15.04,15.11,15.02,15.04,13.983125,189800
2016-12-13,15.2,15.23,15.11,15.21,14.141178,83200
2016-12-14,15.05,15.18,14.85,14.85,13.806476,56900
2016-12-15,14.91,14.96,14.87,14.93,13.880854,55800
2016-12-16,14.88,14.88,14.73,14.75,13.801321,192500
2016-12-19,14.69,14.73,14.63,14.65,13.707753,88500
2016-12-20,14.58,14.69,14.58,14.63,13.68904,71400
2016-12-21,14.63,14.68,14.62,14.62,13.679684,89900
2016-12-22,14.54,14.54,14.43,14.48,13.548686,309000
2016-12-23,14.53,14.53,14.47,14.51,13.576757,174800
2016-12-27,14.59,14.67,14.59,14.64,13.698395,281000
2016-12-28,14.7,14.75,14.69,14.73,13.782607,112600
2016-12-29,14.82,14.97,14.82,14.96,13.997814,85800
2016-12-30,14.88,14.89,14.74,14.74,13.791964,171100
2017-01-03,14.85,14.86,14.75,14.82,13.866819,63800
2017-01-04,14.94,15.01,14.94,14.96,13.997814,77800
2017-01-05,15.08,15.13,15.06,15.13,14.15688,97500
2017-01-06,15.09,15.09,15.02,15.06,14.091382,86000
2017-01-09,14.99,15.06,14.99,15.04,14.07267,122900
2017-01-10,15.13,15.26,15.13,15.19,14.213021,44200
2017-01-11,15.21,15.31,15.13,15.3,14.315948,66300
2017-01-12,15.3,15.35,15.28,15.32,14.33466,52300
2017-01-13,15.26,15.34,15.26,15.31,14.325305,17100
2017-01-17,15.35,15.35,15.25,15.3,14.315948,144800
2017-01-18,15.29,15.3,15.19,15.21,14.231736,124600
2017-01-19,15.19,15.21,15.15,15.21,14.231736,290200
2017-01-20,15.22,15.31,15.22,15.29,14.306589,262500
2017-01-23,15.5,15.54,15.44,15.52,14.521797,62700
2017-01-24,15.61,15.68,15.61,15.64,14.634078,42700
2017-01-25,15.63,15.73,15.63,15.73,14.718289,54800
2017-01-26,15.52,15.68,15.52,15.62,14.615364,57100
2017-01-27,15.55,15.62,15.55,15.58,14.577939,59800
2017-01-30,15.55,15.55,15.47,15.53,14.531154,121400
2017-01-31,15.45,15.62,15.45,15.59,14.587295,60000
2017-02-01,15.56,15.68,15.56,15.6,14.596652,211300
2017-02-02,15.54,15.62,15.54,15.59,14.587295,169100
2017-02-03,15.69,15.79,15.69,15.75,14.737002,116500
2017-02-06,15.73,15.77,15.73,15.76,14.746361,26000
2017-02-07,15.66,15.7,15.64,15.66,14.652793,100000
2017-02-08,15.65,15.75,15.65,15.75,14.737002,62100
2017-02-09,15.8,15.8,15.74,15.79,14.774432,154400
2017-02-10,15.81,15.92,15.81,15.91,14.886713,138800
2017-02-13,15.9,16.059999,15.9,16.030001,14.998997,119100
2017-02-14,16.059999,16.07,15.95,16.059999,15.027064,37500
2017-02-15,16.1,16.219999,16.07,16.190001,15.148704,183600
2017-02-16,16.190001,16.190001,16.120001,16.120001,15.083207,43700
2017-02-17,16.049999,16.139999,16.049999,16.139999,15.101921,47200
2017-02-21,16.09,16.209999,16.09,16.190001,15.148704,43900
2017-02-22,16.209999,16.280001,16.209999,16.27,15.223559,44400
2017-02-23,16.440001,16.440001,16.34,16.389999,15.335841,119900
2017-02-24,16.24,16.290001,16.190001,16.23,15.186132,46000
2017-02-27,16.219999,16.280001,16.200001,16.219999,15.176774,54300
2017-02-28,16.17,16.200001,16.1,16.1,15.064493,47100
2017-03-01,16.26,16.389999,16.24,16.35,15.298414,233200
2017-03-02,16.18,16.209999,16.07,16.07,15.036423,80400
2017-03-03,16.139999,16.25,16.129999,16.209999,15.167418,54100
2017-03-06,16.25,16.25,16.190001,16.23,15.186132,45800
2017-03-07,16.26,16.26,16.129999,16.129999,15.092563,36100
2017-03-08,16.110001,16.110001,15.92,15.92,14.896069,88200
2017-03-09,16.0,16.0,15.78,15.88,14.858644,118100
2017-03-10,15.88,15.93,15.87,15.91,14.886713,39000
2017-03-13,15.96,16.07,15.96,16.059999,15.027064,46800
2017-03-14,16.08,16.08,16.0,16.02,14.989638,42800
2017-03-15,16.110001,16.49,16.09,16.459999,15.401337,114700
2017-03-16,16.620001,16.639999,16.57,16.57,15.504266,54500
2017-03-17,16.6,16.65,16.559999,16.6,15.532336,152100
2017-03-20,16.610001,16.82,16.610001,16.780001,15.700756,50600
2017-03-21,16.809999,16.860001,16.540001,16.559999,15.494907,64200
2017-03-22,16.57,16.780001,16.57,16.75,15.672686,210000
2017-03-23,16.709999,16.83,16.709999,16.790001,15.710114,48000
2017-03-24,16.74,16.85,16.74,16.83,15.74754,232800
2017-03-27,16.67,16.75,16.610001,16.73,15.653973,199100
2017-03-28,16.690001,16.77,16.690001,16.690001,15.616545,115400
2017-03-29,16.58,16.68,16.58,16.620001,15.551048,30700
2017-03-30,16.610001,16.690001,16.57,16.58,15.513619,44400
2017-03-31,16.48,16.48,16.4,16.4,15.345199,67200
2017-04-03,16.43,16.49,16.379999,16.469999,15.410695,102200
2017-04-04,16.389999,16.48,16.379999,16.450001,15.391982,67700
2017-04-05,16.440001,16.48,16.35,16.35,15.298414,88800
2017-04-06,16.280001,16.290001,16.190001,16.25,15.204846,47200
2017-04-07,16.280001,16.4,16.280001,16.309999,15.260986,23500
2017-04-10,16.25,16.25,16.200001,16.23,15.186132,36100
2017-04-11,16.280001,16.280001,16.120001,16.25,15.204846,58300
2017-04-12,16.309999,16.42,16.27,16.42,15.363912,61900
2017-04-13,16.440001,16.450001,16.360001,16.379999,15.326483,18500
2017-04-17,16.389999,16.450001,16.379999,16.450001,15.391982,42200
2017-04-18,16.290001,16.4,16.290001,16.34,15.289058,89500
2017-04-19,16.35,16.370001,16.25,16.299999,15.251629,21300
2017-04-20,16.42,16.49,16.41,16.469999,15.410695,40800
2017-04-21,16.459999,16.52,16.450001,16.52,15.457479,27600
2017-04-24,16.59,16.66,16.59,16.639999,15.56976,35900
2017-04-25,16.74,16.83,16.74,16.77,15.691402,36800
2017-04-26,16.700001,16.77,16.700001,16.73,15.653973,246100
2017-04-27,16.700001,16.700001,16.59,16.620001,15.551048,134600
2017-04-28,16.690001,16.77,16.690001,16.75,15.672686,48100
2017-05-01,16.780001,16.860001,16.75,16.82,15.738185,39400
2017-05-02,16.860001,16.969999,16.860001,16.950001,15.859826,32400
2017-05-03,16.82,16.969999,16.799999,16.82,15.738185,71200
2017-05-04,16.65,16.67,16.57,16.59,15.522975,49400
2017-05-05,16.58,16.719999,16.58,16.719999,15.644616,37900
2017-05-08,16.76,16.76,16.639999,16.66,15.588476,66000
2017-05-09,16.76,16.82,16.74,16.780001,15.700756,53600
2017-05-10,16.84,16.959999,16.84,16.959999,15.869179,61800
2017-05-11,16.91,16.91,16.809999,16.889999,15.803678,89200
2017-05-12,16.889999,16.91,16.870001,16.889999,15.803678,50000
2017-05-15,16.98,17.049999,16.940001,17.030001,15.934676,59200
2017-05-16,17.0,17.07,16.99,17.059999,15.962748,131500
2017-05-17,16.870001,16.92,16.75,16.780001,15.700756,125700
2017-05-18,16.23,16.559999,16.23,16.389999,15.335841,51000
2017-05-19,16.67,16.790001,16.67,16.790001,15.710114,82200
2017-05-22,16.75,16.82,16.75,16.780001,15.700756,118900
2017-05-23,16.83,16.879999,16.82,16.860001,15.775614,174200
2017-05-24,16.91,17.030001,16.91,17.02,15.92532,387200
2017-05-25,17.17,17.17,17.049999,17.08,15.981462,66800
2017-05-26,17.1,17.110001,17.049999,17.08,15.981462,91400
2017-05-30,17.030001,17.09,17.030001,17.09,15.990818,92600
2017-05-31,17.07,17.07,16.92,16.959999,15.869179,71100
2017-06-01,17.049999,17.120001,16.98,17.110001,16.009533,63600
2017-06-02,17.24,17.24,17.18,17.23,16.121815,213600
2017-06-05,17.299999,17.34,17.26,17.309999,16.196667,140600
2017-06-06,17.209999,17.290001,17.209999,17.280001,16.1686,231100
2017-06-07,17.309999,17.35,17.27,17.35,16.234095,78300
2017-06-08,17.379999,17.41,17.35,17.4,16.28088,51400
2017-06-09,17.440001,17.440001,17.23,17.25,16.140528,55600
2017-06-12,17.15,17.190001,17.1,17.17,16.065672,73900
2017-06-13,17.209999,17.26,17.200001,17.26,16.149885,37900
2017-06-14,17.23,17.25,17.09,17.129999,16.028246,32400
2017-06-15,16.91,17.0,16.889999,16.99,15.89725,108500
2017-06-16,16.99,17.040001,16.959999,17.02,15.92532,42300
2017-06-19,17.110001,17.219999,17.110001,17.219999,16.112455,53900
2017-06-20,17.1,17.139999,17.030001,17.040001,15.944036,237500
2017-06-21,17.120001,17.18,17.120001,17.120001,16.018888,27300
2017-06-22,17.120001,17.200001,17.110001,17.17,16.065672,28400
2017-06-23,17.24,17.34,17.24,17.309999,16.196667,44000
2017-06-26,17.43,17.530001,17.43,17.48,16.355732,78500
2017-06-27,17.389999,17.4,17.25,17.25,16.140528,54600
2017-06-28,17.32,17.370001,17.27,17.34,16.224741,25100
2017-06-29,17.27,17.299999,17.110001,17.17,16.065672,91900
2017-06-30,17.219999,17.299999,17.219999,17.26,16.149885,75900
2017-07-03,17.299999,17.35,17.299999,17.309999,16.196667,68100
2017-07-05,17.16,17.209999,17.1,17.200001,16.093744,79800
2017-07-06,17.1,17.110001,17.02,17.040001,15.944036,64200
2017-07-07,17.09,17.09,16.99,17.059999,15.962748,47300
2017-07-10,17.120001,17.16,17.110001,17.139999,16.037605,40800
2017-07-11,17.27,17.34,17.25,17.34,16.224741,77300
2017-07-12,17.5,17.690001,17.5,17.66,16.524155,103200
2017-07-13,17.629999,17.709999,17.629999,17.690001,16.552231,58900
2017-07-14,17.780001,17.93,17.77,17.92,16.767435,46100
2017-07-17,17.82,17.82,17.76,17.799999,16.655151,54500
2017-07-18,17.85,17.91,17.799999,17.889999,16.739363,67300
2017-07-19,18.120001,18.16,18.09,18.129999,16.963928,90900
2017-07-20,18.139999,18.15,18.09,18.110001,16.945217,44900
2017-07-21,18.040001,18.120001,18.02,18.059999,16.89843,71200
2017-07-24,18.24,18.24,18.15,18.200001,17.029427,33300
2017-07-25,18.209999,18.24,18.15,18.17,17.001356,57000
2017-07-26,18.23,18.33,18.18,18.33,17.151066,24400
2017-07-27,18.42,18.469999,18.25,18.35,17.169779,25200
2017-07-28,18.290001,18.290001,18.25,18.290001,17.11364,41900
2017-07-31,18.379999,18.41,18.33,18.389999,17.207209,57200
2017-08-01,18.379999,18.379999,18.32,18.32,17.141708,141000
2017-08-02,18.370001,18.4,18.32,18.360001,17.179134,70100
2017-08-03,18.290001,18.299999,18.26,18.299999,17.122995,56200
2017-08-04,18.360001,18.4,18.32,18.4,17.21656,52900
2017-08-07,18.43,18.51,18.43,18.5,17.310129,56600
2017-08-08,18.52,18.58,18.459999,18.49,17.300776,38200
2017-08-09,18.43,18.459999,18.379999,18.459999,17.272705,92000
2017-08-10,18.209999,18.209999,17.940001,17.950001,16.795507,133300
2017-08-11,17.950001,17.99,17.870001,17.950001,16.795507,75000
2017-08-14,18.08,18.15,18.059999,18.129999,16.963928,93000
2017-08-15,18.07,18.1,18.02,18.07,16.907789,60300
2017-08-16,18.25,18.309999,18.209999,18.299999,17.122995,73800
2017-08-17,18.309999,18.32,18.07,18.110001,16.945217,37000
2017-08-18,18.139999,18.27,18.110001,18.209999,17.038784,35200
2017-08-21,18.280001,18.360001,18.27,18.309999,17.132351,24700
2017-08-22,18.469999,18.58,18.469999,18.540001,17.347559,81300
2017-08-23,18.540001,18.700001,18.540001,18.65,17.450483,166200
2017-08-24,18.82,18.83,18.719999,18.790001,17.581478,75900
2017-08-25,18.860001,18.92,18.84,18.85,17.637621,54500
2017-08-28,18.799999,18.84,18.75,18.77,17.562767,21100
2017-08-29,18.74,18.889999,18.73,18.889999,17.675047,89900
2017-08-30,18.9,18.950001,18.879999,18.950001,17.731192,53000
2017-08-31,18.950001,19.049999,18.950001,19.030001,17.806046,47100
2017-09-01,19.09,19.1,19.059999,19.09,17.862186,47400
2017-09-05,19.049999,19.120001,18.940001,19.02,17.796688,47100
2017-09-06,19.0,19.129999,19.0,19.120001,17.890257,24700
2017-09-07,19.139999,19.24,19.139999,19.24,18.002535,64500
2017-09-08,19.190001,19.190001,19.08,19.1,17.87154,95600
2017-09-11,19.23,19.33,19.23,19.32,18.077393,32800
2017-09-12,19.4,19.43,19.370001,19.4,18.152245,95400
2017-09-13,19.32,19.360001,19.280001,19.32,18.077393,58500
2017-09-14,19.32,19.4,19.32,19.4,18.152245,55900
2017-09-15,19.530001,19.629999,19.5,19.629999,18.367451,40700
2017-09-18,19.6,19.66,19.559999,19.6,18.494844,51600
2017-09-19,19.629999,19.629999,19.549999,19.6,18.494844,126200
2017-09-20,19.620001,19.709999,19.370001,19.52,18.419353,37000
2017-09-21,19.83,19.83,19.68,19.77,18.655256,67400
2017-09-22,19.48,19.540001,19.370001,19.51,18.409916,52300
2017-09-25,19.1,19.1,18.879999,18.92,17.853184,174600
2017-09-26,18.870001,18.870001,18.780001,18.809999,17.749386,83600
2017-09-27,18.92,18.969999,18.870001,18.959999,17.890928,42800
2017-09-28,18.83,18.860001,18.780001,18.860001,17.796568,33700
2017-09-29,18.959999,19.01,18.92,18.98,17.909801,67600
2017-10-02,19.110001,19.139999,19.049999,19.09,18.013597,139300
2017-10-03,19.16,19.360001,19.16,19.309999,18.221193,108200
2017-10-04,19.43,19.48,19.4,19.469999,18.372171,52100
2017-10-05,19.540001,19.629999,19.540001,19.58,18.475967,352700
2017-10-06,19.5,19.59,19.450001,19.59,18.485403,153800
2017-10-09,19.43,19.440001,19.379999,19.4,18.306118,73800
2017-10-10,19.559999,19.639999,19.559999,19.620001,18.513716,27000
2017-10-11,19.540001,19.66,19.540001,19.629999,18.523149,86600
2017-10-12,19.709999,19.75,19.68,19.690001,18.579765,121700
2017-10-13,19.85,19.92,19.85,19.91,18.787363,118900
2017-10-16,19.940001,19.959999,19.870001,19.889999,18.768488,42900
2017-10-17,19.690001,19.690001,19.6,19.67,18.560896,38900
2017-10-18,19.65,19.66,19.58,19.629999,18.523149,102000
2017-10-19,19.5,19.540001,19.440001,19.540001,18.438225,75600
2017-10-20,19.65,19.66,19.6,19.639999,18.532585,42100
2017-10-23,19.59,19.629999,19.540001,19.57,18.466534,35100
2017-10-24,19.620001,19.66,19.610001,19.65,18.542021,51800
2017-10-25,19.629999,19.68,19.440001,19.52,18.419353,31800
2017-10-26,19.610001,19.620001,19.459999,19.459999,18.362736,40700
2017-10-27,19.370001,19.52,19.32,19.51,18.409916,71400
2017-10-30,19.43,19.52,19.4,19.440001,18.343864,63500
2017-10-31,19.51,19.57,19.51,19.540001,18.438225,35600
2017-11-01,19.629999,19.73,19.610001,19.65,18.542021,32800
2017-11-02,19.57,19.65,19.57,19.639999,18.532585,22400
2017-11-03,19.58,19.620001,19.42,19.52,18.419353,22500
2017-11-06,19.629999,19.82,19.629999,19.790001,18.674129,38400
2017-11-07,19.9,19.93,19.719999,19.77,18.655256,86200
2017-11-08,19.91,19.93,19.83,19.91,18.787363,44400
2017-11-09,19.73,19.82,19.639999,19.76,18.645821,61800
2017-11-10,19.860001,19.860001,19.74,19.780001,18.664692,16900
2017-11-13,19.84,19.93,19.83,19.92,18.796799,52000
2017-11-14,19.92,19.92,19.809999,19.809999,18.692999,64700
2017-11-15,19.719999,19.790001,19.700001,19.75,18.636383,39200
2017-11-16,19.969999,20.15,19.969999,20.120001,18.985521,110400
2017-11-17,20.17,20.299999,20.17,20.27,19.127064,61000
2017-11-20,20.299999,20.379999,20.290001,20.379999,19.23086,62400
2017-11-21,20.540001,20.610001,20.52,20.559999,19.400711,72900
2017-11-22,20.700001,20.790001,20.66,20.75,19.579998,42900
2017-11-24,20.639999,20.82,20.6,20.66,19.495071,7100
2017-11-27,20.540001,20.540001,20.440001,20.459999,19.306347,85000
2017-11-28,20.690001,20.76,20.610001,20.74,19.57056,132900
2017-11-29,20.66,20.67,20.51,20.549999,19.391275,126400
2017-11-30,20.469999,20.52,20.379999,20.41,19.259171,69200
2017-12-01,20.27,20.27,20.08,20.139999,19.004395,130100
2017-12-04,20.280001,20.280001,20.1,20.110001,18.976086,88000
2017-12-05,20.030001,20.120001,20.0,20.030001,18.900595,38700
2017-12-06,19.49,19.52,19.360001,19.459999,18.362736,185000
2017-12-07,19.370001,19.549999,19.370001,19.48,18.381607,56500
2017-12-08,19.940001,19.940001,19.799999,19.84,18.721308,75500
2017-12-11,20.0,20.059999,20.0,20.049999,18.919464,18200
2017-12-12,19.780001,19.82,19.709999,19.82,18.702435,37100
2017-12-13,19.84,20.01,19.84,19.92,18.796799,37700
2017-12-14,19.91,19.959999,19.85,19.870001,18.749617,34800
2017-12-15,19.85,19.959999,19.780001,19.950001,18.825108,44300
2017-12-18,19.969999,20.02,19.9,19.93,18.967867,39800
2017-12-19,20.0,20.0,19.85,19.879999,18.920277,18500
2017-12-20,20.01,20.07,19.969999,20.02,19.05352,62100
2017-12-21,20.07,20.17,20.059999,20.1,19.129658,30400
2017-12-22,20.049999,20.219999,20.049999,20.200001,19.224831,24100
2017-12-26,20.0,20.110001,19.959999,20.110001,19.139177,31600
2017-12-27,20.110001,20.18,20.110001,20.129999,19.158207,45300
2017-12-28,20.459999,20.49,20.42,20.440001,19.453245,26000
2017-12-29,20.6,20.620001,20.52,20.549999,19.557934,35200
2018-01-02,20.91,20.91,20.709999,20.77,19.767315,183500
2018-01-03,21.08,21.190001,21.07,21.16,20.138485,101400
2018-01-04,21.309999,21.360001,21.26,21.290001,20.262213,107700
2018-01-05,21.35,21.5,21.33,21.469999,20.433519,173600
2018-01-08,21.43,21.469999,21.379999,21.459999,20.424004,95900
2018-01-09,21.389999,21.5,21.33,21.42,20.385935,89400
2018-01-10,21.25,21.35,21.219999,21.32,20.29076,127800
2018-01-11,21.299999,21.4,21.25,21.389999,20.357384,84000
2018-01-12,21.459999,21.59,21.41,21.59,20.547726,72400
2018-01-16,21.48,21.540001,21.25,21.25,20.224142,98800
2018-01-17,21.43,21.540001,21.34,21.49,20.452557,77000
2018-01-18,21.4,21.5,21.379999,21.42,20.385935,215200
2018-01-19,21.65,21.690001,21.57,21.68,20.633381,71100
2018-01-22,21.85,21.98,21.780001,21.98,20.918898,46400
2018-01-23,21.91,21.959999,21.83,21.92,20.861797,91000
2018-01-24,21.969999,22.15,21.93,22.09,21.023588,62000
2018-01-25,22.030001,22.209999,21.98,22.01,20.947453,107900
2018-01-26,22.08,22.219999,22.02,22.209999,21.137794,198100
2018-01-29,21.92,21.92,21.790001,21.82,20.766624,50700
2018-01-30,21.74,21.76,21.559999,21.620001,20.576283,41800
2018-01-31,21.889999,21.91,21.690001,21.83,20.776142,463700
2018-02-01,21.68,21.790001,21.59,21.629999,20.585794,40200
2018-02-02,21.49,21.52,21.200001,21.24,20.214626,67000
2018-02-05,21.1,21.26,20.41,20.59,19.596006,111700
2018-02-06,20.27,21.01,20.25,20.879999,19.872004,61200
2018-02-07,20.610001,20.85,20.450001,20.459999,19.472279,43400
2018-02-08,20.34,20.4,19.709999,19.73,18.777519,51800
2018-02-09,20.059999,20.129999,19.52,20.040001,19.072556,40300
2018-02-12,20.280001,20.450001,20.16,20.309999,19.329519,52700
2018-02-13,20.459999,20.57,20.389999,20.549999,19.557934,70600
2018-02-14,20.450001,20.959999,20.450001,20.91,19.900555,32300
2018-02-15,21.299999,21.379999,21.17,21.34,20.309795,122200
2018-02-16,21.219999,21.49,21.219999,21.379999,20.347864,90900
2018-02-20,21.15,21.25,21.1,21.17,20.148003,121100
2018-02-21,21.309999,21.43,21.16,21.16,20.138485,75700
2018-02-22,21.299999,21.389999,21.23,21.27,20.243174,21200
2018-02-23,21.559999,21.65,21.459999,21.629999,20.585794,40300
2018-02-26,21.780001,21.889999,21.65,21.889999,20.833244,174800
2018-02-27,21.620001,21.620001,21.25,21.25,20.224142,56000
2018-02-28,21.4,21.42,21.049999,21.049999,20.033796,36500
2018-03-01,21.32,21.450001,21.02,21.209999,20.186073,61800
2018-03-02,20.950001,21.190001,20.84,21.190001,20.167038,130900
2018-03-05,20.92,21.200001,20.92,21.18,20.157522,39000
2018-03-06,21.4,21.4,21.18,21.280001,20.252695,113200
2018-03-07,21.139999,21.299999,21.059999,21.299999,20.271727,32800
2018-03-08,21.26,21.280001,21.17,21.25,20.224142,51300
2018-03-09,21.379999,21.68,21.379999,21.67,20.623865,100000
2018-03-12,21.700001,21.75,21.620001,21.719999,20.67145,85800
2018-03-13,21.709999,21.780001,21.440001,21.52,20.481104,58300
2018-03-14,21.65,21.65,21.450001,21.49,20.452557,44100
2018-03-15,21.66,21.700001,21.52,21.59,20.547726,67400
2018-03-16,21.639999,21.67,21.59,21.59,20.547726,123400
2018-03-19,21.459999,21.540001,21.35,21.43,20.395452,28100
2018-03-20,21.690001,21.799999,21.68,21.77,20.719038,39200
2018-03-21,21.629999,21.92,21.629999,21.870001,20.814213,40200
2018-03-22,21.5,21.540001,21.280001,21.290001,20.262213,56200
2018-03-23,21.290001,21.33,20.940001,20.940001,19.929106,41500
2018-03-26,21.379999,21.6,21.200001,21.58,20.53821,33200
2018-03-27,21.549999,21.639999,21.219999,21.27,20.243174,117400
2018-03-28,21.17,21.17,20.98,21.129999,20.109934,71200
2018-03-29,21.280001,21.57,21.24,21.5,20.462072,85200
2018-04-02,21.33,21.440001,20.969999,21.120001,20.100418,235900
2018-04-03,21.26,21.33,21.15,21.280001,20.252695,53100
2018-04-04,20.709999,21.27,20.639999,21.25,20.224142,63300
2018-04-05,21.389999,21.43,21.280001,21.35,20.319313,37100
2018-04-06,21.290001,21.309999,20.879999,20.98,19.967176,36700
2018-04-09,21.219999,21.299999,21.08,21.08,20.062349,75800
2018-04-10,21.469999,21.610001,21.41,21.58,20.53821,89700
2018-04-11,21.5,21.66,21.48,21.58,20.53821,26900
2018-04-12,21.51,21.67,21.48,21.610001,20.566763,36200
2018-04-13,21.6,21.6,21.35,21.41,20.376417,50500
2018-04-16,21.43,21.49,21.34,21.48,20.443035,60900
2018-04-17,21.24,21.469999,21.219999,21.4,20.366899,103000
2018-04-18,21.49,21.690001,21.49,21.65,20.604832,50400
2018-04-19,21.74,21.75,21.52,21.6,20.557245,115200
2018-04-20,21.309999,21.309999,21.139999,21.24,20.214626,32800
2018-04-23,21.09,21.190001,20.99,21.02,20.005245,39600
2018-04-24,21.040001,21.139999,20.780001,20.85,19.843452,42700
2018-04-25,20.700001,20.75,20.58,20.709999,19.710207,122900
2018-04-26,20.66,20.82,20.65,20.799999,19.795866,23800
2018-04-27,21.0,21.0,20.83,20.940001,19.929106,159400
2018-04-30,20.98,21.040001,20.83,20.85,19.843452,27800
2018-05-01,20.68,20.690001,20.4,20.620001,19.624557,259900
2018-05-02,20.870001,20.950001,20.719999,20.780001,19.776833,193200
2018-05-03,20.84,20.84,20.530001,20.719999,19.719727,122300
2018-05-04,20.639999,21.02,20.639999,20.959999,19.948141,72800
2018-05-07,20.940001,21.030001,20.9,20.92,19.910074,64000
2018-05-08,20.940001,20.959999,20.76,20.92,19.910074,42400
2018-05-09,21.120001,21.129999,20.950001,21.02,20.005245,94600
2018-05-10,21.280001,21.610001,21.280001,21.5,20.462072,67000
2018-05-11,21.52,21.620001,21.43,21.48,20.443035,87900
2018-05-14,21.790001,21.950001,21.75,21.75,20.700003,174700
2018-05-15,21.459999,21.52,21.360001,21.4,20.366899,195600
2018-05-16,21.51,21.74,21.51,21.700001,20.652418,127700
2018-05-17,21.309999,21.33,21.09,21.110001,20.090899,194700
2018-05-18,21.049999,21.110001,21.0,21.07,20.052832,114500
2018-05-21,21.540001,21.59,21.440001,21.5,20.462072,76800
2018-05-22,21.629999,21.809999,21.629999,21.719999,20.67145,61100
2018-05-23,21.309999,21.540001,21.25,21.49,20.452557,159700
2018-05-24,21.33,21.35,21.129999,21.34,20.309795,123300
2018-05-25,21.35,21.5,21.35,21.41,20.376417,125100
2018-05-29,21.32,21.33,21.07,21.16,20.138485,104700
2018-05-30,21.129999,21.389999,21.110001,21.35,20.319313,98400
2018-05-31,21.32,21.35,21.219999,21.26,20.233658,110000
2018-06-01,21.4,21.6,21.4,21.549999,20.509659,417200
2018-06-04,21.790001,21.92,21.790001,21.889999,20.833244,110300
2018-06-05,21.74,21.75,21.610001,21.639999,20.595312,62300
2018-06-06,21.99,22.129999,21.91,22.120001,21.052141,236900
2018-06-07,21.99,21.99,21.59,21.719999,20.67145,90500
2018-06-08,21.639999,21.780001,21.530001,21.709999,20.661934,17700
2018-06-11,21.799999,21.889999,21.799999,21.799999,20.747587,158200
2018-06-12,21.73,21.74,21.59,21.639999,20.595312,94500
2018-06-13,21.65,21.65,21.370001,21.459999,20.424004,70700
2018-06-14,21.48,21.48,21.280001,21.280001,20.252695,182100
2018-06-15,21.27,21.309999,21.139999,21.290001,20.262213,35600
2018-06-18,20.860001,20.870001,20.719999,20.809999,19.912004,183900
2018-06-19,20.41,20.639999,20.26,20.57,19.68236,85900
2018-06-20,20.530001,20.610001,20.32,20.33,19.452717,387000
2018-06-21,20.209999,20.209999,20.02,20.02,19.156096,92900
2018-06-22,20.209999,20.209999,20.02,20.059999,19.194366,114900
2018-06-25,19.85,19.860001,19.51,19.67,18.821198,301000
2018-06-26,19.870001,19.889999,19.76,19.82,18.964725,64600
2018-06-27,19.68,19.68,19.25,19.299999,18.467163,129100
2018-06-28,19.41,19.52,19.309999,19.51,18.668102,96500
2018-06-29,20.02,20.07,19.969999,20.02,19.156096,117500
2018-07-02,19.969999,19.969999,19.780001,19.950001,19.089115,217800
2018-07-03,19.870001,19.870001,19.690001,19.700001,18.849905,97200
2018-07-05,19.379999,19.379999,19.23,19.27,18.438457,193400
2018-07-06,19.450001,19.59,19.4,19.559999,18.715942,103900
2018-07-09,19.9,20.02,19.870001,20.01,19.146526,51100
2018-07-10,19.98,20.01,19.870001,19.99,19.127388,91300
2018-07-11,19.67,19.719999,19.51,19.58,18.735081,129000
2018-07-12,20.02,20.209999,20.02,20.190001,19.31876,211600
2018-07-13,20.139999,20.27,20.120001,20.23,19.357033,20600
2018-07-16,20.01,20.040001,19.93,19.950001,19.089115,83900
2018-07-17,19.84,20.030001,19.73,20.02,19.156096,55800
2018-07-18,19.9,20.02,19.889999,19.98,19.117821,63900
2018-07-19,19.620001,19.780001,19.59,19.690001,18.840336,223400
2018-07-20,19.73,19.93,19.73,19.91,19.05084,235000
2018-07-23,19.799999,19.799999,19.700001,19.77,18.916883,33700
2018-07-24,20.18,20.290001,20.120001,20.209999,19.337896,51000
2018-07-25,20.360001,20.540001,20.32,20.51,19.62495,81300
2018-07-26,20.34,20.379999,20.25,20.26,19.385738,38700
2018-07-27,20.41,20.43,20.24,20.360001,19.481424,60200
2018-07-30,20.1,20.1,19.969999,20.02,19.156096,62400
2018-07-31,19.93,20.07,19.879999,20.040001,19.175234,56400
2018-08-01,19.940001,19.98,19.790001,19.84,18.98386,111800
2018-08-02,19.459999,19.57,19.389999,19.57,18.725512,136700
2018-08-03,19.43,19.52,19.389999,19.49,18.648968,178100
2018-08-06,19.32,19.32,19.219999,19.280001,18.44803,53400
2018-08-07,19.65,19.77,19.65,19.709999,18.859472,45100
2018-08-08,19.620001,19.66,19.530001,19.620001,18.773355,24600
2018-08-09,19.76,19.84,19.719999,19.719999,18.86904,115800
2018-08-10,19.42,19.42,19.27,19.32,18.4863,211300
2018-08-13,19.059999,19.059999,18.84,18.91,18.093992,156500
2018-08-14,18.799999,18.85,18.700001,18.82,18.007877,238600
2018-08-15,18.23,18.23,18.01,18.18,17.395494,148100
2018-08-16,18.4,18.51,18.389999,18.440001,17.644274,103000
2018-08-17,18.15,18.41,18.110001,18.360001,17.567728,106000
2018-08-20,18.43,18.48,18.370001,18.459999,17.663412,50300
2018-08-21,18.799999,18.950001,18.799999,18.879999,18.065289,157400
2018-08-22,18.790001,18.889999,18.790001,18.879999,18.065289,47700
2018-08-23,18.82,18.879999,18.67,18.709999,17.90262,109800
2018-08-24,18.860001,18.98,18.860001,18.98,18.160973,74200
2018-08-27,19.299999,19.459999,19.299999,19.360001,18.524574,172000
2018-08-28,19.35,19.35,19.200001,19.26,18.42889,60800
2018-08-29,19.24,19.41,19.200001,19.379999,18.543713,76400
2018-08-30,19.1,19.129999,18.85,18.9,18.084425,182500
2018-08-31,18.959999,19.1,18.950001,19.059999,18.23752,277200
2018-09-04,18.690001,18.700001,18.610001,18.639999,17.835644,57500
2018-09-05,18.360001,18.389999,18.26,18.360001,17.567728,134300
2018-09-06,18.290001,18.290001,18.120001,18.190001,17.405062,75700
2018-09-07,17.99,18.110001,17.950001,18.0,17.223263,77500
2018-09-10,17.809999,17.809999,17.639999,17.700001,16.936209,80900
2018-09-11,17.530001,17.66,17.48,17.639999,16.878798,75200
2018-09-12,17.42,17.639999,17.33,17.51,16.754406,272000
2018-09-13,17.709999,17.85,17.66,17.77,17.003185,95900
2018-09-14,17.870001,17.950001,17.76,17.85,17.079737,46300
2018-09-17,17.709999,17.790001,17.68,17.68,16.91707,91600
2018-09-18,17.76,17.85,17.709999,17.82,17.051027,199200
2018-09-19,17.969999,18.09,17.969999,18.049999,17.271105,36000
2018-09-20,18.110001,18.18,18.040001,18.18,17.395494,31300
2018-09-21,18.379999,18.43,18.35,18.41,17.61557,97700
2018-09-24,17.93,17.98,17.889999,17.91,17.334881,92300
2018-09-25,17.940001,18.02,17.940001,17.99,17.412315,31100
2018-09-26,17.959999,18.09,17.870001,17.870001,17.296165,75800
2018-09-27,17.83,17.9,17.809999,17.870001,17.296165,95400
2018-09-28,17.790001,17.879999,17.74,17.77,17.199379,147600
2018-10-01,17.889999,17.9,17.790001,17.790001,17.218735,33200
2018-10-02,17.549999,17.620001,17.549999,17.559999,16.99612,58300
2018-10-03,17.629999,17.629999,17.32,17.34,16.783186,84700
2018-10-04,17.209999,17.209999,16.959999,17.09,16.541214,318800
2018-10-05,17.0,17.049999,16.84,16.99,16.444424,60300
2018-10-08,16.76,16.92,16.75,16.91,16.366993,52200
2018-10-09,16.73,16.91,16.73,16.870001,16.328279,75000
2018-10-10,16.780001,16.780001,16.360001,16.4,15.873371,111900
2018-10-11,16.25,16.33,16.0,16.120001,15.602363,76200
2018-10-12,16.459999,16.559999,16.290001,16.43,15.902407,232200
2018-10-15,16.4,16.459999,16.290001,16.34,15.815296,166700
2018-10-16,16.52,16.68,16.5,16.67,16.134699,47500
2018-10-17,16.559999,16.559999,16.43,16.459999,15.931442,88500
2018-10-18,16.389999,16.389999,16.1,16.15,15.631398,86900
2018-10-19,16.370001,16.43,16.25,16.280001,15.757223,83600
2018-10-22,16.41,16.42,16.309999,16.370001,15.844335,145200
2018-10-23,16.049999,16.290001,15.99,16.200001,15.679794,113700
2018-10-24,16.059999,16.08,15.68,15.68,15.176491,47300
2018-10-25,15.83,15.97,15.79,15.85,15.341031,226300
2018-10-26,15.67,15.91,15.61,15.81,15.302317,110500
2018-10-29,15.92,15.92,15.42,15.55,15.050665,49600
2018-10-30,15.63,15.86,15.63,15.86,15.35071,64000
2018-10-31,15.99,16.129999,15.99,16.049999,15.534608,32400
2018-11-01,16.209999,16.48,16.16,16.440001,15.912086,83000
2018-11-02,16.559999,16.629999,16.360001,16.48,15.9508,402900
2018-11-05,16.450001,16.620001,16.450001,16.620001,16.086306,23000
2018-11-06,16.459999,16.57,16.440001,16.5,15.970157,35300
2018-11-07,16.709999,16.809999,16.610001,16.77,16.231489,31600
2018-11-08,16.620001,16.639999,16.41,16.469999,15.941121,144000
2018-11-09,16.27,16.27,16.08,16.16,15.641076,40700
2018-11-12,16.110001,16.110001,15.97,16.0,15.486215,81700
2018-11-13,16.09,16.280001,16.09,16.16,15.641076,49800
2018-11-14,16.209999,16.34,16.059999,16.16,15.641076,79000
2018-11-15,16.15,16.559999,16.15,16.5,15.970157,432300
2018-11-16,16.27,16.57,16.27,16.459999,15.931442,38300
2018-11-19,16.299999,16.35,16.219999,16.25,15.728187,115900
2018-11-20,16.07,16.129999,15.95,16.040001,15.524931,64100
2018-11-21,16.129999,16.34,16.129999,16.23,15.708829,82800
2018-11-23,16.049999,16.07,16.0,16.0,15.486215,17400
2018-11-26,16.16,16.24,16.110001,16.15,15.631398,32900
2018-11-27,16.059999,16.219999,16.049999,16.219999,15.69915,28100
2018-11-28,16.290001,16.549999,16.16,16.49,15.960478,101000
2018-11-29,16.43,16.5,16.370001,16.389999,15.863691,38000
2018-11-30,16.370001,16.43,16.280001,16.32,15.795938,57200
2018-12-03,16.09,16.799999,16.09,16.68,16.144381,62200
2018-12-04,16.77,16.77,16.440001,16.49,15.960478,48100
2018-12-06,16.110001,16.33,15.96,16.33,15.805617,165100
2018-12-07,16.23,16.34,15.98,16.0,15.486215,129900
2018-12-10,16.0,16.0,15.78,15.96,15.447498,116800
2018-12-11,16.1,16.110001,15.92,16.07,15.553967,85500
2018-12-12,16.16,16.290001,16.16,16.190001,15.670115,37000
2018-12-13,16.190001,16.23,16.129999,16.190001,15.670115,51200
2018-12-14,16.049999,16.120001,16.0,16.02,15.505572,80700
2018-12-17,15.99,16.049999,15.8,15.82,15.311995,95500
2018-12-18,15.87,15.98,15.86,15.89,15.379746,107100
2018-12-19,15.96,16.049999,15.58,15.67,15.166812,108700
2018-12-20,15.83,15.92,15.72,15.88,15.370068,66700
2018-12-21,15.81,15.89,15.63,15.67,15.166812,67300
2018-12-24,15.37,15.55,15.34,15.34,15.032557,18400
2018-12-26,15.42,15.59,15.32,15.58,15.267748,53600
2018-12-27,15.41,15.5,15.3,15.5,15.189351,89100
2018-12-28,15.61,15.72,15.57,15.58,15.267748,234000
2018-12-31,15.67,15.75,15.5,15.56,15.248148,264800
2019-01-02,15.53,15.68,15.48,15.68,15.365743,26000
2019-01-03,15.53,15.53,15.34,15.38,15.071755,54500
2019-01-04,15.47,15.83,15.47,15.81,15.493137,51500
2019-01-07,15.79,15.85,15.7,15.82,15.502937,95500
2019-01-08,15.69,15.78,15.67,15.73,15.414741,28500
2019-01-09,15.87,16.01,15.87,15.94,15.620532,128000
2019-01-10,15.87,16.049999,15.87,16.030001,15.70873,62100
2019-01-11,15.96,15.99,15.89,15.98,15.659731,43000
2019-01-14,15.9,16.01,15.86,15.97,15.64993,95000
2019-01-15,15.94,16.059999,15.94,16.01,15.689129,99400
2019-01-16,16.08,16.129999,16.030001,16.059999,15.738127,36800
2019-01-17,16.0,16.18,15.98,16.09,15.767527,46000
2019-01-18,16.120001,16.24,16.110001,16.219999,15.89492,62100
2019-01-22,16.01,16.059999,15.89,15.94,15.620532,37300
2019-01-23,16.110001,16.18,16.02,16.16,15.836123,478500
2019-01-24,16.18,16.25,16.139999,16.25,15.924319,46100
2019-01-25,16.33,16.48,16.33,16.41,16.081114,31300
2019-01-28,16.07,16.200001,16.07,16.15,15.826323,44400
2019-01-29,16.200001,16.33,16.200001,16.280001,15.953717,32300
2019-01-30,16.309999,16.559999,16.25,16.559999,16.228106,48800
2019-01-31,16.57,16.76,16.57,16.76,16.424099,50100
2019-02-01,16.629999,16.73,16.620001,16.700001,16.365301,117100
2019-02-04,16.67,16.77,16.559999,16.719999,16.384899,685300
2019-02-05,16.719999,16.940001,16.719999,16.9,16.561293,46700
2019-02-06,16.75,16.809999,16.6,16.66,16.326101,33800
2019-02-07,16.57,16.639999,16.43,16.549999,16.218306,81200
2019-02-08,16.42,16.59,16.4,16.559999,16.228106,22600
2019-02-11,16.469999,16.48,16.43,16.440001,16.110512,115100
2019-02-12,16.51,16.6,16.5,16.559999,16.228106,55300
2019-02-13,16.6,16.65,16.459999,16.5,16.169308,137900
2019-02-14,16.440001,16.629999,16.370001,16.57,16.237906,63100
2019-02-15,16.5,16.57,16.48,16.51,16.179108,17600
2019-02-19,16.48,16.700001,16.48,16.610001,16.277103,53000
2019-02-20,16.700001,16.799999,16.639999,16.66,16.326101,147600
2019-02-21,16.639999,16.639999,16.549999,16.610001,16.277103,31800
2019-02-22,16.73,16.889999,16.73,16.85,16.512295,22000
2019-02-25,16.93,17.059999,16.92,16.92,16.580891,33800
2019-02-26,16.879999,16.940001,16.860001,16.91,16.571091,23700
2019-02-27,16.799999,16.83,16.73,16.799999,16.463295,21300
2019-02-28,16.690001,16.690001,16.59,16.59,16.257505,17100
2019-03-01,16.75,16.75,16.58,16.629999,16.296703,22200
2019-03-04,16.690001,16.77,16.52,16.690001,16.355501,61700
2019-03-05,16.67,16.82,16.67,16.77,16.433899,28000
2019-03-06,16.73,16.73,16.57,16.57,16.237906,23400
2019-03-07,16.6,16.6,16.360001,16.42,16.090912,85100
2019-03-08,16.35,16.440001,16.33,16.440001,16.110512,32400
2019-03-11,16.540001,16.67,16.540001,16.639999,16.306501,11800
2019-03-12,16.629999,16.68,16.57,16.629999,16.296703,49600
2019-03-13,16.66,16.690001,16.610001,16.67,16.335901,27800
2019-03-14,16.6,16.6,16.540001,16.58,16.247705,11500
2019-03-15,16.77,16.85,16.77,16.85,16.512295,37600
2019-03-18,16.99,17.040001,16.950001,17.040001,16.698486,43800
2019-03-19,16.98,17.1,16.98,17.030001,16.688688,34100
2019-03-20,17.01,17.24,16.98,17.129999,16.78668,34100
2019-03-21,17.07,17.110001,16.950001,17.110001,16.767084,16900
2019-03-22,16.93,16.93,16.629999,16.68,16.345703,17400
2019-03-25,16.620001,16.74,16.620001,16.700001,16.365301,51900
2019-03-26,16.799999,16.860001,16.780001,16.85,16.512295,19100
2019-03-27,16.719999,16.75,16.58,16.629999,16.296703,10000
2019-03-28,16.639999,16.77,16.6,16.77,16.433899,12800
2019-03-29,16.940001,17.0,16.93,17.0,16.659286,11800
2019-04-01,17.040001,17.26,17.040001,17.24,16.894478,388700
2019-04-02,17.209999,17.209999,17.049999,17.110001,16.767084,117400
2019-04-03,17.17,17.290001,17.09,17.17,16.82588,20400
2019-04-04,17.190001,17.299999,17.16,17.280001,16.933676,32400
2019-04-05,17.299999,17.42,17.26,17.35,17.002274,10500
2019-04-08,17.25,17.35,17.219999,17.33,16.982674,141300
2019-04-09,17.389999,17.389999,17.280001,17.34,16.992476,48400
2019-04-10,17.440001,17.49,17.389999,17.450001,17.100269,32600
2019-04-11,17.26,17.26,17.120001,17.190001,16.84548,20100
2019-04-12,17.360001,17.42,17.280001,17.32,16.972874,14800
2019-04-15,17.35,17.35,17.15,17.18,16.83568,18100
2019-04-16,17.290001,17.33,17.24,17.26,16.914076,29100
2019-04-17,17.309999,17.34,17.23,17.24,16.894478,8000
2019-04-18,17.26,17.32,17.15,17.290001,16.943476,57700
2019-04-22,17.15,17.290001,17.15,17.23,16.884678,21600
2019-04-23,17.209999,17.32,17.18,17.280001,16.933676,31800
2019-04-24,17.24,17.24,17.110001,17.18,16.83568,37600
2019-04-25,17.17,17.23,17.07,17.200001,16.855282,14200
2019-04-26,17.219999,17.33,17.209999,17.280001,16.933676,9100
2019-04-29,17.26,17.290001,17.219999,17.219999,16.874878,11400
2019-04-30,17.26,17.370001,17.24,17.290001,16.943476,16500
2019-05-01,17.290001,17.440001,17.08,17.120001,16.776884,242700
2019-05-02,17.27,17.32,17.17,17.280001,16.933676,23200
2019-05-03,17.48,17.59,17.48,17.549999,17.198265,16700
2019-05-06,16.99,17.24,16.99,17.209999,16.86508,215200
2019-05-07,17.129999,17.129999,16.799999,16.879999,16.541693,24000
2019-05-08,17.0,17.120001,16.969999,17.030001,16.688688,11500
2019-05-09,16.700001,16.77,16.51,16.67,16.335901,17800
2019-05-10,16.809999,16.889999,16.68,16.889999,16.551493,7900
2019-05-13,16.370001,16.469999,16.23,16.280001,15.953717,47400
2019-05-14,16.440001,16.52,16.4,16.41,16.081114,28500
2019-05-15,16.459999,16.65,16.459999,16.57,16.237906,33500
2019-05-16,16.57,16.620001,16.469999,16.48,16.149708,16800
2019-05-17,16.209999,16.23,16.07,16.129999,15.806723,29600
2019-05-20,15.92,15.98,15.88,15.95,15.630331,46300
2019-05-21,16.049999,16.190001,16.049999,16.16,15.836123,14700
2019-05-22,16.26,16.26,16.16,16.209999,15.88512,20700
2019-05-23,15.94,16.0,15.87,15.96,15.640131,20600
2019-05-24,15.99,15.99,15.89,15.94,15.620532,16500
2019-05-28,16.110001,16.139999,16.040001,16.059999,15.738127,38200
2019-05-29,16.040001,16.17,16.040001,16.16,15.836123,12600
2019-05-30,16.139999,16.26,16.139999,16.190001,15.865523,11200
2019-05-31,16.190001,16.389999,16.18,16.370001,16.041916,45800
2019-06-03,16.51,16.610001,16.5,16.530001,16.198709,289200
2019-06-04,16.5,16.6,16.459999,16.58,16.247705,13800
2019-06-05,16.59,16.610001,16.469999,16.5,16.169308,13800
2019-06-06,16.51,16.52,16.43,16.49,16.159508,19700
2019-06-07,16.559999,16.75,16.559999,16.639999,16.306501,32700
2019-06-10,16.85,16.969999,16.85,16.879999,16.541693,12000
2019-06-11,17.07,17.120001,17.030001,17.120001,16.776884,17200
2019-06-12,16.99,16.99,16.860001,16.870001,16.531895,60400
2019-06-13,17.0,17.09,16.98,16.99,16.649488,41800
2019-06-14,16.860001,16.93,16.799999,16.85,16.512295,12800
2019-06-17,16.83,16.879999,16.799999,16.860001,16.522095,11100
2019-06-18,17.0,17.27,17.0,17.209999,16.86508,14900
2019-06-19,17.309999,17.540001,17.26,17.450001,17.100269,48100
2019-06-20,17.77,17.83,17.629999,17.639999,17.286459,23300
2019-06-21,17.620001,17.620001,17.540001,17.549999,17.198265,10600
2019-06-24,17.469999,17.52,17.440001,17.469999,17.188425,27000
2019-06-25,17.42,17.48,17.309999,17.360001,17.0802,16100
2019-06-26,17.42,17.5,17.379999,17.440001,17.158909,24400
2019-06-27,17.51,17.639999,17.51,17.639999,17.355684,15500
2019-06-28,17.700001,17.73,17.639999,17.73,17.444235,29600
2019-07-01,18.040001,18.040001,17.780001,17.799999,17.513107,209800
2019-07-02,17.870001,17.93,17.82,17.93,17.641012,30400
2019-07-03,17.790001,17.879999,17.790001,17.879999,17.591818,8000
2019-07-05,17.75,17.84,17.719999,17.799999,17.513107,7300
2019-07-08,17.75,17.790001,17.74,17.77,17.483591,19100
2019-07-09,17.75,17.799999,17.719999,17.77,17.483591,21200
2019-07-10,18.02,18.040001,17.98,18.02,17.729561,9500
2019-07-11,17.99,18.0,17.870001,17.9,17.611496,13300
2019-07-12,17.959999,17.98,17.9,17.92,17.631172,28000
2019-07-15,18.040001,18.09,17.98,18.030001,17.739401,12000
2019-07-16,18.0,18.09,17.940001,17.959999,17.670528,9400
2019-07-17,18.01,18.059999,17.969999,17.969999,17.680367,19000
2019-07-18,18.049999,18.219999,18.049999,18.16,17.867304,31300
2019-07-19,18.219999,18.219999,18.049999,18.1,17.808273,16400
2019-07-22,18.15,18.209999,18.110001,18.15,17.857466,27900
2019-07-23,18.17,18.190001,18.09,18.120001,17.82795,78900
2019-07-24,18.209999,18.27,18.129999,18.15,17.857466,25400
2019-07-25,18.200001,18.200001,17.99,17.99,17.700045,18000
2019-07-26,18.059999,18.059999,18.0,18.02,17.729561,13500
2019-07-29,17.969999,18.059999,17.969999,18.049999,17.759077,8900
2019-07-30,17.969999,17.99,17.889999,17.969999,17.680367,10100
2019-07-31,17.99,18.0,17.620001,17.83,17.542624,34800
2019-08-01,17.82,18.02,17.530001,17.58,17.296654,205200
2019-08-02,17.58,17.58,17.459999,17.5,17.217943,19400
2019-08-05,17.07,17.07,16.82,16.91,16.637451,62000
2019-08-06,17.25,17.32,17.120001,17.200001,16.922779,39000
2019-08-07,17.120001,17.34,17.120001,17.32,17.040842,32900
2019-08-08,17.530001,17.59,17.450001,17.59,17.306492,9300
2019-08-09,17.42,17.469999,17.299999,17.389999,17.109715,7800
2019-08-12,17.200001,17.23,17.120001,17.16,16.883423,52400
2019-08-13,17.040001,17.43,16.99,17.33,17.050682,27900
2019-08-14,16.98,17.08,16.85,16.870001,16.598097,52300
2019-08-15,16.879999,16.98,16.799999,16.950001,16.676807,46100
2019-08-16,17.15,17.219999,17.120001,17.190001,16.912941,89200
2019-08-19,17.450001,17.450001,17.23,17.24,16.962133,18900
2019-08-20,17.309999,17.35,17.290001,17.309999,17.031006,25200
2019-08-21,17.49,17.559999,17.459999,17.559999,17.276976,19700
2019-08-22,17.42,17.49,17.309999,17.360001,17.0802,18800
2019-08-23,17.209999,17.379999,17.02,17.110001,16.83423,44100
2019-08-26,17.18,17.18,17.08,17.139999,16.863745,20600
2019-08-27,17.309999,17.309999,17.16,17.200001,16.922779,23800
2019-08-28,17.129999,17.299999,17.129999,17.27,16.99165,36800
2019-08-29,17.43,17.49,17.360001,17.49,17.208103,30200
2019-08-30,17.57,17.610001,17.5,17.610001,17.326172,26800
2019-09-03,17.540001,17.57,17.469999,17.5,17.217943,267700
2019-09-04,17.690001,17.799999,17.690001,17.790001,17.503269,76200
2019-09-05,17.889999,17.959999,17.879999,17.92,17.631172,57900
2019-09-06,18.0,18.01,17.91,17.91,17.621336,30200
2019-09-09,17.92,17.93,17.799999,17.82,17.532784,14700
2019-09-10,17.709999,17.76,17.66,17.700001,17.414721,20000
2019-09-11,17.780001,17.83,17.74,17.799999,17.513107,30800
2019-09-12,17.98,18.07,17.98,18.030001,17.739401,22300
2019-09-13,18.15,18.16,18.049999,18.049999,17.759077,24100
2019-09-16,17.93,18.07,17.93,18.02,17.729561,11000
2019-09-17,17.860001,18.049999,17.860001,18.02,17.729561,20000
2019-09-18,18.02,18.08,17.9,18.02,17.729561,18000
2019-09-19,17.959999,18.030001,17.870001,17.940001,17.65085,46200
2019-09-20,17.940001,17.940001,17.76,17.809999,17.522947,14300
2019-09-23,17.549999,17.68,17.549999,17.68,17.544779,19800
2019-09-24,17.58,17.58,17.469999,17.48,17.346308,25400
2019-09-25,17.469999,17.58,17.4,17.49,17.356232,47100
2019-09-26,17.610001,17.610001,17.49,17.52,17.386002,18700
2019-09-27,17.549999,17.549999,17.26,17.370001,17.23715,117400
2019-09-30,17.530001,17.559999,17.459999,17.5,17.366156,38200
2019-10-01,17.450001,17.450001,17.27,17.35,17.217302,46300
2019-10-02,17.299999,17.34,17.25,17.299999,17.167685,12200
2019-10-03,17.450001,17.610001,17.450001,17.58,17.445543,22400
2019-10-04,17.58,17.77,17.58,17.77,17.63409,20200
2019-10-07,17.67,17.780001,17.620001,17.639999,17.505083,16600
2019-10-08,17.620001,17.66,17.52,17.52,17.386002,36400
2019-10-09,17.610001,17.719999,17.610001,17.629999,17.495159,18600
2019-10-10,17.73,17.870001,17.719999,17.83,17.69363,86700
2019-10-11,18.01,18.129999,18.0,18.0,17.862331,53100
2019-10-14,18.0,18.040001,17.950001,17.969999,17.83256,21700
2019-10-15,18.049999,18.209999,18.049999,18.120001,17.981413,7400
2019-10-16,18.190001,18.25,18.16,18.209999,18.070724,361100
2019-10-17,18.35,18.379999,18.280001,18.34,18.19973,23300
2019-10-18,18.32,18.379999,18.26,18.32,18.179884,36400
2019-10-21,18.360001,18.389999,18.26,18.389999,18.249348,27000
2019-10-22,18.389999,18.4,18.299999,18.32,18.179884,93400
2019-10-23,18.27,18.309999,18.16,18.27,18.130266,21000
2019-10-24,18.440001,18.440001,18.309999,18.379999,18.239424,9200
2019-10-25,18.4,18.5,18.379999,18.5,18.358507,59300
2019-10-28,18.59,18.610001,18.530001,18.549999,18.408123,34300
2019-10-29,18.469999,18.49,18.4,18.450001,18.308889,21400
2019-10-30,18.459999,18.629999,18.459999,18.6,18.457743,18800
2019-10-31,18.52,18.6,18.469999,18.6,18.457743,45500
2019-11-01,18.639999,18.77,18.610001,18.709999,18.5669,216500
2019-11-04,18.950001,18.950001,18.809999,18.879999,18.7356,55100
2019-11-05,18.940001,18.940001,18.83,18.940001,18.795141,144000
2019-11-06,18.860001,18.93,18.83,18.879999,18.7356,17800
2019-11-07,18.959999,19.030001,18.9,18.950001,18.805065,41400
2019-11-08,18.780001,18.889999,18.76,18.790001,18.64629,14800
2019-11-11,18.610001,18.790001,18.610001,18.75,18.606594,50000
2019-11-12,18.68,18.74,18.6,18.65,18.507359,245100
2019-11-13,18.57,18.65,18.52,18.610001,18.467667,72200
2019-11-14,18.59,18.610001,18.5,18.610001,18.467667,14900
2019-11-15,18.690001,18.73,18.639999,18.68,18.53713,36500
2019-11-18,18.66,18.75,18.66,18.68,18.53713,15500
2019-11-19,18.83,18.83,18.709999,18.719999,18.576824,25600
2019-11-20,18.74,18.83,18.65,18.74,18.59667,41700
2019-11-21,18.620001,18.700001,18.620001,18.67,18.527206,36400
2019-11-22,18.66,18.68,18.610001,18.67,18.527206,52200
2019-11-25,18.68,18.77,18.68,18.74,18.59667,99900
2019-11-26,18.629999,18.700001,18.6,18.700001,18.556978,18200
2019-11-27,18.620001,18.75,18.610001,18.75,18.606594,103700
2019-11-29,18.48,18.5,18.4,18.43,18.289042,23000
2019-12-02,18.43,18.48,18.34,18.370001,18.229502,337700
2019-12-03,18.32,18.43,18.32,18.43,18.289042,60700
2019-12-04,18.5,18.530001,18.469999,18.5,18.358507,28200
2019-12-05,18.57,18.629999,18.57,18.620001,18.477591,24600
2019-12-06,18.6,18.74,18.59,18.700001,18.556978,84100
2019-12-09,18.629999,18.66,18.52,18.52,18.378355,54900
2019-12-10,18.5,18.530001,18.459999,18.52,18.378355,17200
2019-12-11,18.700001,18.83,18.639999,18.780001,18.636366,126800
2019-12-12,18.809999,19.07,18.809999,18.98,18.834835,93500
2019-12-13,18.889999,18.98,18.790001,18.879999,18.7356,90600
2019-12-16,18.98,19.07,18.98,19.01,18.864607,33100
2019-12-17,19.059999,19.15,19.059999,19.120001,18.973766,38700
2019-12-18,19.17,19.280001,19.15,19.23,19.082924,77100
2019-12-19,19.110001,19.26,19.110001,19.25,19.10277,29200
2019-12-20,19.27,19.27,19.190001,19.219999,19.073,135100
2019-12-23,19.129999,19.190001,19.08,19.129999,19.129999,49600
2019-12-24,19.129999,19.190001,19.110001,19.16,19.16,43000
2019-12-26,19.23,19.360001,19.23,19.309999,19.309999,28400
2019-12-27,19.25,19.309999,19.190001,19.23,19.23,62800
2019-12-30,19.360001,19.360001,19.15,19.15,19.15,90200
